6.188135039273246 2.899982001445662 100000
4.349999999999985 3.124113506716788 100000
6.188135039273245 13.38900018467476 100000
6.288135039273245 22.069126802386926 100000
5.699999999999981 5.699999999999981 0.9155236292046218 100000
5.699999999999981 5.699999999999981 0.9155284713166768 100000
5.99999999999998 5.99999999999998 2.340903338810076 100000
4.588135039273251 6.251893663724198 4.045389343014134 100000
5.399999999999982 5.399999999999982 5.399999999999982 0.08411522157890715 100000
8.749999999999982 8.749999999999982 8.749999999999982 0.13345040625343485 100000
5.89999999999998 5.89999999999998 5.89999999999998 1.688644034461756 100000
5.899999999999987 5.899999999999987 5.899999999999987 1.7958996930424465 100000
3.7999999999999874 3.7999999999999874 3.7999999999999874 3.7999999999999874 3.7999999999999874 3.33320721674605e-21 100000
2.9999999999999902 2.9999999999999902 2.9999999999999902 2.9999999999999902 2.9999999999999902 1.3804265183559497e-08 100000
5.79999999999998 5.79999999999998 5.79999999999998 5.79999999999998 5.79999999999998 0.03774610177286167 100000
5.79999999999998 5.79999999999998 5.79999999999998 5.79999999999998 5.79999999999998 0.037746369925494065 100000
