0.25 1.016662186840926 100000
1.7500000000000007 3.2896647913204125 100000
6.463206432667465 11.13165510093768 100000
3.2632064326674763 22.34917803915644 100000
6.899999999999976 6.899999999999976 0.516095505405807 100000
1.3000000000000003 1.3000000000000003 0.7214285294855713 100000
6.249999999999979 5.249999999999989 3.3629901447440624 100000
6.199999999999979 5.1999999999999895 4.93346429899974 100000
1.05 1.05 1.05 2.6707434778083062e-20 100000
5.849999999999987 5.849999999999987 5.849999999999987 0.39101696532634833 100000
5.849999999999987 5.849999999999987 5.849999999999987 0.41499301851611053 100000
0.8499999999999999 0.8499999999999999 0.8499999999999999 0.22990692429411846 100000
0.4999999999999996 0.4999999999999996 0.4999999999999996 0.4999999999999996 0.4999999999999996 1.3045482761878674e-25 100000
0.39999999999999963 0.39999999999999963 0.39999999999999963 0.39999999999999963 0.39999999999999963 1.1465531478864117e-26 100000
2.449999999999992 2.449999999999992 2.449999999999992 2.449999999999992 2.449999999999992 3.5468468706535974e-06 100000
1.349999999999993 1.349999999999993 1.349999999999993 1.349999999999993 1.349999999999993 0.009062762992065066 100000
