4.549999999999992 2.791492681837749 100000
4.649999999999984 3.7302353853079304 100000
0.8 10.758457870518466 100000
3.6526968887676867 21.689886982607142 100000
8.949999999999985 8.949999999999985 0.6606747075257492 100000
8.699999999999982 8.699999999999982 1.727620341256078 100000
3.4026968887676876 1.8500000000000008 2.9100755318099867 100000
3.349999999999989 3.099999999999997 4.554747629000375 100000
0.25 0.25 0.25 2.039732816846648e-17 100000
0.05 0.05 0.05 1.0588633342579127e-18 100000
5.549999999999981 5.549999999999981 5.549999999999981 0.27643915016973997 100000
3.399999999999996 3.399999999999996 3.399999999999996 0.9854870746412625 100000
3.399999999999989 3.399999999999989 3.399999999999989 3.399999999999989 3.399999999999989 1.0527215255883123e-12 100000
0.2 0.2 0.2 0.2 0.2 1.9982266626138462e-10 100000
1.3500000000000005 1.3500000000000005 1.3500000000000005 1.3500000000000005 1.3500000000000005 3.5521880540263135e-05 100000
1.7500000000000009 1.7500000000000009 1.7500000000000009 1.7500000000000009 1.7500000000000009 0.00010720590781897206 100000
