7.449999999999974 1.0579386780803783 100000
9.199999999999989 2.8749530001019683 100000
4.3499999999999925 11.282835542323548 100000
0.5999999999999999 14.90887808665511 100000
1.5000000000000007 1.5000000000000007 1.1161190268372511e-07 100000
5.199999999999982 5.199999999999982 0.8036566254736759 100000
6.249999999999986 9.049999999999986 2.9285073878095655 100000
3.7499999999999947 6.199999999999979 4.601722834713294 100000
5.199999999999982 5.199999999999982 5.199999999999982 0.8003840081556898 100000
5.199999999999982 5.199999999999982 5.199999999999982 0.8013748185506266 100000
5.199999999999982 5.199999999999982 5.199999999999982 1.064650617840719 100000
3.099999999999997 3.099999999999997 3.099999999999997 1.239461968732786 100000
0.9000000000000001 0.9000000000000001 0.9000000000000001 0.9000000000000001 0.9000000000000001 6.479417945923832e-23 100000
1.3000000000000005 1.3000000000000005 1.3000000000000005 1.3000000000000005 1.3000000000000005 3.682184527178229e-17 100000
0.9500000000000002 0.9500000000000002 0.9500000000000002 0.9500000000000002 0.9500000000000002 3.892183808070815e-14 100000
1.3000000000000005 1.3000000000000005 1.3000000000000005 1.3000000000000005 1.3000000000000005 3.7225944791525005e-07 100000
