9.599999999999994 2.139441814352787 100000
7.299999999999975 2.9140677815147376 100000
6.977024105738205 10.516218225236994 100000
6.677024105738206 17.619161326070856 100000
6.8499999999999766 6.8499999999999766 0.9698555848464124 100000
6.8499999999999766 6.8499999999999766 0.969914103490958 100000
6.549999999999978 5.349999999999989 3.5116144817897794 100000
9.149999999999988 5.675412200349111 3.14566276469071 100000
6.749999999999977 6.749999999999977 6.749999999999977 0.21075381937869073 100000
6.749999999999977 6.749999999999977 6.749999999999977 0.21075381937869075 100000
1.8999999999999935 1.8999999999999935 1.8999999999999935 0.7877991016397853 100000
1.9499999999999935 1.9499999999999935 1.9499999999999935 1.1795696957234607 100000
7.499999999999974 7.499999999999974 7.499999999999974 7.499999999999974 7.499999999999974 3.1749687656070687e-06 100000
7.799999999999973 7.799999999999973 7.799999999999973 7.799999999999973 7.799999999999973 6.490676580908171e-08 100000
7.749999999999973 7.749999999999973 7.749999999999973 7.749999999999973 7.749999999999973 2.647720533685805e-07 100000
7.449999999999974 7.449999999999974 7.449999999999974 7.449999999999974 7.449999999999974 0.03213590804739161 100000
