8.799999999999983 1.857846846052034 100000
8.249999999999975 2.7168723525235032 100000
3.189433437726909 12.05227384204817 100000
1.789433437726913 20.591795052284937 100000
4.149999999999993 4.149999999999993 0.15486653268655384 100000
7.599999999999974 7.599999999999974 0.9932900445638484 100000
7.249999999999975 7.249999999999975 2.496655170136299 100000
1.6394334377269129 2.3999999999999924 7.367689506318097 100000
7.84999999999998 7.84999999999998 7.84999999999998 5.079432421319027e-16 100000
7.949999999999973 7.949999999999973 7.949999999999973 0.42620112717789277 100000
5.249999999999982 5.249999999999982 5.249999999999982 0.6391892942766109 100000
1.9999999999999936 1.9999999999999936 1.9999999999999936 1.8791830211456653 100000
8.699999999999982 8.699999999999982 8.699999999999982 8.699999999999982 8.699999999999982 1.3912603545515477e-31 100000
8.299999999999983 8.299999999999983 8.299999999999983 8.299999999999983 8.299999999999983 6.9481811173605105e-22 100000
6.099999999999986 6.099999999999986 6.099999999999986 6.099999999999986 6.099999999999986 0.014021310592513426 100000
7.84999999999998 7.84999999999998 7.84999999999998 7.84999999999998 7.84999999999998 0.09855549534117039 100000
