2.799999999999998 1.8801192008415382 100000
2.8499999999999908 4.732983079222122 100000
0.9999999999999927 12.048352475781858 100000
4.038176972685795 22.667467211932724 100000
3.04999999999999 3.04999999999999 1.0246687115460136 100000
1.299999999999993 1.299999999999993 0.9383210108845605 100000
8.099999999999973 4.088959249209978 3.401679588700509 100000
8.59999999999998 3.7999999999999945 4.255116869824916 100000
1.4500000000000004 1.4500000000000004 1.4500000000000004 0.2409518600031418 100000
1.4500000000000004 1.4500000000000004 1.4500000000000004 0.24095186000990534 100000
4.0499999999999865 4.0499999999999865 4.0499999999999865 0.9982527873555302 100000
2.5999999999999917 2.5999999999999917 2.5999999999999917 1.1912286790345707 100000
1.3500000000000003 1.3500000000000003 1.3500000000000003 1.3500000000000003 1.3500000000000003 0.0612162996971361 100000
8.099999999999973 8.099999999999973 8.099999999999973 8.099999999999973 8.099999999999973 6.908873061455007e-15 100000
7.9999999999999725 7.9999999999999725 7.9999999999999725 7.9999999999999725 7.9999999999999725 3.014383255294793e-11 100000
1.3500000000000003 1.3500000000000003 1.3500000000000003 1.3500000000000003 1.3500000000000003 0.06121629969713822 100000
