5.299999999999989 2.0104358687237247 100000
1.05 2.547132464972539 100000
2.182910791535389 11.811073838286926 100000
7.032910791535372 22.407549909930577 100000
2.8999999999999977 2.8999999999999977 0.3874961587094088 100000
2.799999999999998 2.799999999999998 1.3164721523826752 100000
7.749999999999973 7.749999999999973 2.624332875835723 100000
4.099999999999993 6.531633414006757 4.612189221725186 100000
2.1000000000000005 2.1000000000000005 2.1000000000000005 0.006794096797561688 100000
6.999999999999983 6.999999999999983 6.999999999999983 0.024096828049963378 100000
2.3499999999999996 2.3499999999999996 2.3499999999999996 0.7792564440463625 100000
2.2999999999999927 2.2999999999999927 2.2999999999999927 1.1465387670826315 100000
3.1999999999999966 3.1999999999999966 3.1999999999999966 3.1999999999999966 3.1999999999999966 5.357609666547014e-09 100000
3.1999999999999966 3.1999999999999966 3.1999999999999966 3.1999999999999966 3.1999999999999966 5.3576098505386935e-09 100000
0.65 0.65 0.65 0.65 0.65 4.756687464429077e-16 100000
0.7000000000000001 0.7000000000000001 0.7000000000000001 0.7000000000000001 0.7000000000000001 1.1750555956330664e-06 100000
