6.396650026871085 1.3910183893803758 100000
6.096650026871086 3.2000361239490287 100000
1.0466500268710996 10.991670836240989 100000
0.9966500268710996 19.61433001376365 100000
1.3000000000000003 1.3000000000000003 0.46818218750531826 100000
5.89999999999998 5.89999999999998 1.6540318289551672 100000
7.596650026871081 8.149999999999974 3.6637387851071113 100000
4.149999999999993 5.9058675560529394 3.750901007173077 100000
5.99999999999998 5.99999999999998 5.99999999999998 0.6015879367215532 100000
5.99999999999998 5.99999999999998 5.99999999999998 0.6019705014151427 100000
8.099999999999973 8.099999999999973 8.099999999999973 1.542769974321554 100000
3.7999999999999874 3.7999999999999874 3.7999999999999874 1.4947542920104386 100000
1.8500000000000008 1.8500000000000008 1.8500000000000008 1.8500000000000008 1.8500000000000008 1.2902854883628089e-14 100000
1.9000000000000008 1.9000000000000008 1.9000000000000008 1.9000000000000008 1.9000000000000008 3.082301412882373e-14 100000
5.649999999999988 5.649999999999988 5.649999999999988 5.649999999999988 5.649999999999988 7.470145305761955e-05 100000
1.4000000000000004 1.4000000000000004 1.4000000000000004 1.4000000000000004 1.4000000000000004 0.14797288653878357 100000
