8.449999999999978 2.2946317632966897 100000
6.749999999999977 2.533312287492537 100000
7.003742417395916 11.61593726979635 100000
7.503742417395914 22.110707277842597 100000
7.949999999999973 7.949999999999973 0.6540494885377053 100000
7.899999999999973 7.899999999999973 0.8571563194468304 100000
8.353742417395917 6.904533737348423 3.224095675801538 100000
7.249999999999975 5.804533737348427 4.228963013204471 100000
5.04999999999999 5.04999999999999 5.04999999999999 1.4883660893904337e-09 100000
3.049999999999997 3.049999999999997 3.049999999999997 0.9658379212982764 100000
8.149999999999974 8.149999999999974 8.149999999999974 1.4069186463979464 100000
6.149999999999979 6.149999999999979 6.149999999999979 1.5661374368769028 100000
7.699999999999981 7.699999999999981 7.699999999999981 7.699999999999981 7.699999999999981 2.856787837247565e-20 100000
7.399999999999982 7.399999999999982 7.399999999999982 7.399999999999982 7.399999999999982 1.0540750774340854e-17 100000
5.599999999999988 5.599999999999988 5.599999999999988 5.599999999999988 5.599999999999988 0.04911926667615635 100000
1.9000000000000008 1.9000000000000008 1.9000000000000008 1.9000000000000008 1.9000000000000008 0.005569187021507966 100000
