1.3500000000000003 2.068820356064167 100000
2.0500000000000007 2.8941697977987766 100000
6.075336017494503 11.999337679008809 100000
1.4253360174945167 18.904459664651586 100000
7.399999999999975 7.399999999999975 0.40499207301022416 100000
1.9499999999999935 1.9499999999999935 0.5969718153288263 100000
6.649999999999984 6.649999999999984 2.0374039079164517 100000
1.3500000000000003 4.949999999999983 6.463572639391002 100000
1.8500000000000008 1.8500000000000008 1.8500000000000008 0.03321677838711244 100000
8.09999999999998 8.09999999999998 8.09999999999998 0.009902846824818472 100000
5.599999999999981 5.599999999999981 5.599999999999981 0.7870066061793582 100000
5.599999999999981 5.599999999999981 5.599999999999981 0.7909842735725306 100000
3.049999999999997 3.049999999999997 3.049999999999997 3.049999999999997 3.049999999999997 5.6058553633476234e-08 100000
3.049999999999997 3.049999999999997 3.049999999999997 3.049999999999997 3.049999999999997 5.6058558043208326e-08 100000
4.99999999999999 4.99999999999999 4.99999999999999 4.99999999999999 4.99999999999999 0.0061709948141077985 100000
7.4499999999999815 7.4499999999999815 7.4499999999999815 7.4499999999999815 7.4499999999999815 0.22649493994370232 100000
