0.9500000000000002 2.184324030809788 100000
3.699999999999995 3.389879162907243 100000
1.1702200470257471 11.252024428786815 100000
1.3202200470257472 19.40082046236109 100000
1.2000000000000002 1.2000000000000002 0.8748713137707956 100000
1.4500000000000004 1.4500000000000004 1.5356807732231652 100000
1.7500000000000007 1.7500000000000007 2.068189004777241 100000
1.0500000000000003 1.0500000000000003 4.844465576245869 100000
5.499999999999981 5.499999999999981 5.499999999999981 0.06864006122085439 100000
5.499999999999981 5.499999999999981 5.499999999999981 0.06864006123321352 100000
0.39999999999999986 0.39999999999999986 0.39999999999999986 1.1463204863187269 100000
0.39999999999999986 0.39999999999999986 0.39999999999999986 1.1463496211800133 100000
3.7499999999999876 3.7499999999999876 3.7499999999999876 3.7499999999999876 3.7499999999999876 5.753850555847166e-07 100000
3.899999999999987 3.899999999999987 3.899999999999987 3.899999999999987 3.899999999999987 1.3434507175667446e-07 100000
2.1000000000000005 2.1000000000000005 2.1000000000000005 2.1000000000000005 2.1000000000000005 2.641395569145405e-08 100000
4.3499999999999925 4.3499999999999925 4.3499999999999925 4.3499999999999925 4.3499999999999925 0.0008504856031328788 100000
