8.699999999999982 2.668235502446207 100000
8.699999999999982 2.679388226286811 100000
7.681308010772736 12.101301984256748 100000
7.581308010772736 23.49724427743721 100000
8.54999999999998 8.54999999999998 0.7506470298082691 100000
8.499999999999979 8.499999999999979 1.7545900637090308 100000
7.781308010772736 8.499999999999979 3.621759950444509 100000
3.73130801077275 4.999999999999983 6.491438001508892 100000
8.04999999999998 8.04999999999998 8.04999999999998 0.710078149148683 100000
8.049999999999972 8.049999999999972 8.049999999999972 0.7100806164305672 100000
3.7999999999999874 3.7999999999999874 3.7999999999999874 1.0443468161966956 100000
7.631308010772736 8.399999999999977 8.399999999999977 1.3893455678363642 100000
6.399999999999978 6.399999999999978 6.399999999999978 6.399999999999978 6.399999999999978 8.479291953785393e-06 100000
7.599999999999974 7.599999999999974 7.599999999999974 7.599999999999974 7.599999999999974 3.0285757539846797e-06 100000
3.7999999999999945 3.7999999999999945 3.7999999999999945 3.7999999999999945 3.7999999999999945 0.008071276033031953 100000
3.7999999999999945 3.7999999999999945 3.7999999999999945 3.7999999999999945 3.7999999999999945 0.008104983421822405 100000
