0.44999999999999996 2.021092238942706 100000
2.849999999999998 3.466883364920512 100000
2.9372488080912715 10.802759930657071 100000
2.9872488080912714 20.325405448647913 100000
1.3000000000000003 1.3000000000000003 0.29995755013469255 100000
1.5000000000000004 1.5000000000000004 1.1716174190250768 100000
7.89999999999998 8.241096597898153 3.50945637890508 100000
3.7872488080912685 6.191096597898157 3.944083551938019 100000
3.949999999999994 3.949999999999994 3.949999999999994 0.0001474122116636374 100000
2.499999999999992 2.499999999999992 2.499999999999992 0.35838139542783315 100000
7.649999999999981 7.649999999999981 7.649999999999981 1.330898682647839 100000
7.649999999999981 7.649999999999981 7.649999999999981 1.5161248108866305 100000
1.9500000000000008 1.9500000000000008 1.9500000000000008 1.9500000000000008 1.9500000000000008 9.170674423004418e-19 100000
1.8499999999999934 1.8499999999999934 1.8499999999999934 1.8499999999999934 1.8499999999999934 4.883859580708649e-20 100000
6.249999999999979 6.249999999999979 6.249999999999979 6.249999999999979 6.249999999999979 2.793590741113921e-06 100000
8.099999999999973 8.099999999999973 8.099999999999973 8.099999999999973 8.099999999999973 1.4289608962971513e-05 100000
