4.199999999999993 2.203294546240998 100000
2.499999999999999 2.9284190576065163 100000
1.3346053735884262 10.32305636922164 100000
1.7346053735884261 18.987493961455357 100000
2.549999999999999 2.549999999999999 0.24507181255651952 100000
7.549999999999981 7.549999999999981 1.3467581911065194 100000
5.04999999999999 5.04999999999999 2.1811997073343585 100000
7.699999999999981 7.699999999999981 5.145393466380982 100000
2.0500000000000007 2.0500000000000007 2.0500000000000007 3.4960419322178594e-11 100000
5.699999999999981 5.699999999999981 5.699999999999981 0.029304639811619338 100000
4.3499999999999925 4.3499999999999925 4.3499999999999925 0.1534007292752317 100000
7.099999999999983 7.099999999999983 7.099999999999983 1.095513737127376 100000
3.899999999999987 3.899999999999987 3.899999999999987 3.899999999999987 3.899999999999987 1.9546782265878663e-13 100000
6.299999999999986 6.299999999999986 6.299999999999986 6.299999999999986 6.299999999999986 4.740357106133578e-06 100000
8.849999999999984 8.849999999999984 8.849999999999984 8.849999999999984 8.849999999999984 4.6233375437346e-06 100000
2.749999999999991 2.749999999999991 2.749999999999991 2.749999999999991 2.749999999999991 0.13024551904156786 100000
