2.499999999999992 1.81995142684697 100000
2.3499999999999996 2.5425103980891555 100000
1.5729788384659036 9.523685398915681 100000
4.672978838465895 19.79632516582265 100000
5.14999999999999 5.14999999999999 0.11953339992939702 100000
2.8999999999999906 2.8999999999999906 1.0747188293893102 100000
1.0 1.0 3.333019472099896 100000
1.1 1.1 6.736321678686069 100000
8.699999999999989 8.699999999999989 8.699999999999989 1.3163761865591587e-18 100000
5.449999999999989 5.449999999999989 5.449999999999989 1.8042348837353512e-07 100000
5.1999999999999895 5.1999999999999895 5.1999999999999895 1.0520102262840163 100000
3.7499999999999947 3.7499999999999947 3.7499999999999947 1.4499206352681198 100000
2.9999999999999973 2.9999999999999973 2.9999999999999973 2.9999999999999973 2.9999999999999973 2.797183492675722e-13 100000
3.149999999999997 3.149999999999997 3.149999999999997 3.149999999999997 3.149999999999997 1.2555707499167689e-12 100000
7.499999999999981 7.499999999999981 7.499999999999981 7.499999999999981 7.499999999999981 2.379022196227548e-07 100000
5.849999999999987 5.849999999999987 5.849999999999987 5.849999999999987 5.849999999999987 1.5336797550969245e-06 100000
