2.8999999999999977 1.2167692576610019 100000
3.349999999999989 3.9524784132970776 100000
6.2999999999999785 11.42344950673936 100000
6.1001730333591695 21.303584869344693 100000
3.399999999999996 3.399999999999996 0.9110059812319294 100000
6.149999999999986 6.149999999999986 0.545976971262389 100000
1.4000000000000004 1.4000000000000004 2.419302305490301 100000
6.249999999999979 6.249999999999979 3.7684944821948623 100000
3.5499999999999954 3.5499999999999954 3.5499999999999954 0.80581150627047 100000
9.34999999999999 9.34999999999999 9.34999999999999 0.7388254861376594 100000
9.34999999999999 9.34999999999999 9.34999999999999 0.7520167440825483 100000
3.7999999999999945 3.7999999999999945 3.7999999999999945 1.6801172173526928 100000
6.099999999999979 6.099999999999979 6.099999999999979 6.099999999999979 6.099999999999979 2.0899422297525506e-10 100000
3.349999999999996 3.349999999999996 3.349999999999996 3.349999999999996 3.349999999999996 1.9952025344801212e-08 100000
4.849999999999991 4.849999999999991 4.849999999999991 4.849999999999991 4.849999999999991 1.686586001864519e-06 100000
4.349999999999985 4.349999999999985 4.349999999999985 4.349999999999985 4.349999999999985 0.47045498804460145 100000
