1.8500000000000008 2.0534711781916304 100000
4.051241366272122 4.117857524910785 100000
4.951241366272119 15.272914705543945 100000
4.901241366272119 23.499348947679753 100000
2.3499999999999925 2.3499999999999925 0.6734706415257149 100000
4.99999999999999 4.99999999999999 1.4514531283601753 100000
7.201241366272111 4.3227692867256025 4.007465074036321 100000
3.751241366272123 1.1000000000000003 6.5994535797837335 100000
2.549999999999999 2.549999999999999 2.549999999999999 0.012489556704505583 100000
2.5999999999999988 2.5999999999999988 2.5999999999999988 0.012531737342293963 100000
4.149999999999993 4.149999999999993 4.149999999999993 0.06023782908349318 100000
7.949999999999973 7.949999999999973 7.949999999999973 1.6939699256472878 100000
3.399999999999996 3.399999999999996 3.399999999999996 3.399999999999996 3.399999999999996 1.2719234629223847e-07 100000
2.8999999999999977 2.8999999999999977 2.8999999999999977 2.8999999999999977 2.8999999999999977 3.297608347660709e-08 100000
4.549999999999985 4.549999999999985 4.549999999999985 4.549999999999985 4.549999999999985 0.4393323369687289 100000
4.549999999999985 4.549999999999985 4.549999999999985 4.549999999999985 4.549999999999985 0.44194961785125647 100000
