7.9999999999999725 2.5010155368192417 100000
2.029349526249712 3.561236145175478 100000
2.57934952624971 10.325945248922107 100000
2.67934952624971 20.077840081146782 100000
7.799999999999973 7.799999999999973 0.9780478633626467 100000
7.799999999999973 7.799999999999973 0.9846789028101762 100000
5.449999999999989 5.449999999999989 1.4797007479998647 100000
5.829349526249699 7.849999999999973 3.8589824834474453 100000
6.499999999999978 6.499999999999978 6.499999999999978 1.3916374812047375e-08 100000
5.699999999999981 5.699999999999981 5.699999999999981 0.2429163645760004 100000
5.79999999999998 5.79999999999998 5.79999999999998 1.0236424227464869 100000
8.799999999999983 8.799999999999983 8.799999999999983 1.7132873363364751 100000
1.0999999999999928 1.0999999999999928 1.0999999999999928 1.0999999999999928 1.0999999999999928 1.1621903454297144e-26 100000
0.49999999999999994 0.49999999999999994 0.49999999999999994 0.49999999999999994 0.49999999999999994 7.915280415358723e-34 100000
6.149999999999979 6.149999999999979 6.149999999999979 6.149999999999979 6.149999999999979 1.9492665108509094e-06 100000
5.1999999999999895 5.1999999999999895 5.1999999999999895 5.1999999999999895 5.1999999999999895 0.05046828097279304 100000
