8.249999999999975 2.3604429139611436 100000
8.54999999999998 4.355284794828371 100000
1.507214105188965 9.84110371840645 100000
8.857214105188957 22.927490782738232 100000
8.599999999999987 8.599999999999987 1.1458033492135686 100000
1.7000000000000006 1.7000000000000006 1.124285729016492 100000
7.89999999999998 8.695837404945534 4.219795933529053 100000
7.157214105188948 9.049999999999986 7.446139467125792 100000
8.04999999999998 8.04999999999998 8.04999999999998 0.05168878456604232 100000
5.09999999999999 5.09999999999999 5.09999999999999 0.18463162634983496 100000
1.299999999999993 1.299999999999993 1.299999999999993 1.5743824051046253 100000
1.3000000000000003 1.3000000000000003 1.3000000000000003 1.587057110110691 100000
9.649999999999995 9.649999999999995 9.649999999999995 9.649999999999995 9.649999999999995 3.397934354300681e-30 100000
9.749999999999996 9.749999999999996 9.749999999999996 9.749999999999996 9.749999999999996 2.431694284063619e-22 100000
9.95 9.95 9.95 9.95 9.95 1.427273283855448e-16 100000
4.8999999999999835 4.8999999999999835 4.8999999999999835 4.8999999999999835 4.8999999999999835 0.3456341823846723 100000
