5.1999999999999895 2.0601042761968493 100000
1.6901374228912094 2.755936308018506 100000
9.149999999999988 9.878759328639017 100000
8.240137422891191 21.988201139252237 100000
9.699999999999996 9.699999999999996 0.9592530018748026 100000
9.499999999999993 9.499999999999993 1.808704259593743 100000
8.149999999999974 8.149999999999974 2.5808071734180693 100000
7.54013742289119 5.8623960232764105 5.669334895322211 100000
0.49999999999999994 0.49999999999999994 0.49999999999999994 3.4232790572642146e-37 100000
4.0499999999999865 4.0499999999999865 4.0499999999999865 0.12669691081065781 100000
7.449999999999974 7.449999999999974 7.449999999999974 0.5449704793268693 100000
4.649999999999984 4.649999999999984 2.9499999999999975 1.1340239564569998 100000
0.8000000000000002 0.8000000000000002 0.8000000000000002 0.8000000000000002 0.8000000000000002 5.213142811884369e-47 100000
0.34999999999999987 0.34999999999999987 0.34999999999999987 0.34999999999999987 0.34999999999999987 5.284317007705241e-54 100000
0.49999999999999994 0.49999999999999994 0.49999999999999994 0.49999999999999994 0.49999999999999994 3.2384969047564174e-16 100000
1.6000000000000008 1.6000000000000008 1.6000000000000008 1.6000000000000008 1.6000000000000008 1.0143059450520343e-06 100000
