4.949999999999983 1.6487129924969812 100000
7.587599855700822 4.280571913339358 100000
7.687599855700822 13.7799139161886 100000
7.637599855700822 20.415037873362802 100000
7.599999999999974 7.599999999999974 1.3300466478799742 100000
7.899999999999973 7.899999999999973 1.907085626515601 100000
7.849999999999973 4.399059652276263 2.5525810705765366 100000
8.049999999999972 3.999999999999994 3.2520251048618203 100000
7.799999999999973 7.799999999999973 7.799999999999973 0.4614003197861773 100000
7.849999999999973 7.849999999999973 7.849999999999973 0.46718099485242603 100000
9.199999999999989 9.199999999999989 9.199999999999989 0.829284331553691 100000
8.849999999999984 8.849999999999984 7.79999999999998 2.0471372403116272 100000
3.1999999999999966 3.1999999999999966 3.1999999999999966 3.1999999999999966 3.1999999999999966 3.873714721826713e-15 100000
3.099999999999997 3.099999999999997 3.099999999999997 3.099999999999997 3.099999999999997 2.2020495357879573e-15 100000
1.7500000000000007 1.7500000000000007 1.7500000000000007 1.7500000000000007 1.7500000000000007 0.0024026533558106594 100000
1.8999999999999935 1.8999999999999935 1.8999999999999935 1.8999999999999935 1.8999999999999935 0.0021259460889744577 100000
