4.199999999999993 2.6104685342198866 100000
3.099999999999997 3.6157580361703454 100000
5.059949021420035 16.032723060117334 100000
4.559949021420037 24.820542132651685 100000
2.9999999999999973 2.9999999999999973 1.1103113818295678 100000
2.9999999999999973 2.9999999999999973 1.1110482847694285 100000
4.599999999999992 4.599999999999992 2.466351002732085 100000
4.899999999999991 4.899999999999991 6.384884660678177 100000
3.949999999999987 3.949999999999987 3.949999999999987 0.5248758068364344 100000
3.949999999999987 3.949999999999987 3.949999999999987 0.5249202361988428 100000
4.199999999999986 4.199999999999986 4.199999999999986 1.2612135701447718 100000
4.3499999999999925 4.3499999999999925 4.3499999999999925 1.828045261383514 100000
4.849999999999991 4.849999999999991 4.849999999999991 4.849999999999991 4.849999999999991 1.6713037387981354e-09 100000
2.000000000000001 2.000000000000001 2.000000000000001 2.000000000000001 2.000000000000001 1.6794716654886906e-08 100000
3.7499999999999947 3.7499999999999947 3.7499999999999947 3.7499999999999947 3.7499999999999947 2.3762263312513267e-05 100000
4.149999999999993 4.149999999999993 4.149999999999993 4.149999999999993 4.149999999999993 9.847859845722635e-05 100000
