3.599999999999988 1.9615000441579242 100000
3.6999999999999877 2.9995378748275106 100000
3.2414353606833615 12.578985742002358 100000
3.2414353606833615 24.408509899932167 100000
4.949999999999983 4.949999999999983 0.20141379674363324 100000
6.799999999999977 6.799999999999977 0.6051216151952434 100000
3.299999999999989 3.299999999999989 3.14214172069998 100000
8.341435360683349 8.14999999999998 5.371279182283882 100000
2.6499999999999915 2.6499999999999915 2.6499999999999915 7.834794653498723e-06 100000
0.39999999999999997 0.39999999999999997 0.39999999999999997 1.3174868703326621e-14 100000
3.299999999999989 3.299999999999989 3.299999999999989 0.9470813188926622 100000
3.09999999999999 3.09999999999999 3.09999999999999 1.9115973544258937 100000
5.099999999999983 5.099999999999983 5.099999999999983 5.099999999999983 5.099999999999983 2.8678342106798254e-14 100000
0.8000000000000002 0.8000000000000002 0.8000000000000002 0.8000000000000002 0.8000000000000002 1.023861356427237e-23 100000
1.4999999999999931 1.4999999999999931 1.4999999999999931 1.4999999999999931 1.4999999999999931 1.0924642487069284e-09 100000
4.149999999999986 4.149999999999986 4.149999999999986 4.149999999999986 4.149999999999986 0.0036642851118888937 100000
