1.7499999999999933 1.7608341826252636 100000
1.0 4.019087299255974 100000
1.1105382166051583 12.703597103882988 100000
3.8605382166051525 25.61486427058577 100000
1.7500000000000007 1.7500000000000007 0.7814100072444373 100000
2.549999999999999 2.549999999999999 1.1313175720142843 100000
1.5605382166051587 2.1499999999999932 4.1010986416777895 100000
1.1500000000000001 2.199999999999993 5.635085861089314 100000
5.749999999999988 5.749999999999988 5.749999999999988 1.3012846320862123e-12 100000
8.049999999999972 8.049999999999972 8.049999999999972 1.6567260494166017e-14 100000
2.499999999999992 2.499999999999992 2.499999999999992 0.09604338064433735 100000
1.1 1.1 1.1 1.535378059266296 100000
3.4999999999999956 3.4999999999999956 3.4999999999999956 3.4999999999999956 3.4999999999999956 3.714477048332323e-12 100000
5.749999999999988 5.749999999999988 5.749999999999988 5.749999999999988 5.749999999999988 1.5479825652810746e-12 100000
5.799999999999987 5.799999999999987 5.799999999999987 5.799999999999987 5.799999999999987 3.814128142305287e-06 100000
5.09999999999999 5.09999999999999 5.09999999999999 5.09999999999999 5.09999999999999 0.04624370272003288 100000
