7.849999999999973 1.758325578639004 100000
5.94999999999998 2.982117380042425 100000
5.288892672930399 11.547601533102858 100000
5.438892672930399 22.14481871086839 100000
6.049999999999979 6.049999999999979 0.9932601273135963 100000
6.099999999999986 6.099999999999986 1.3932731801332483 100000
4.549999999999985 3.2999999999999963 2.57241627166597 100000
7.488892672930391 5.549999999999988 4.24584248561707 100000
8.349999999999977 8.349999999999977 8.349999999999977 0.08560498542975072 100000
8.349999999999977 8.349999999999977 8.349999999999977 0.08580609850283985 100000
4.299999999999986 4.299999999999986 4.299999999999986 0.8505993532822314 100000
5.649999999999988 5.649999999999988 5.649999999999988 1.0058097886184867 100000
8.749999999999982 8.749999999999982 8.749999999999982 8.749999999999982 8.749999999999982 1.8894466311346192e-33 100000
8.749999999999982 8.749999999999982 8.749999999999982 8.749999999999982 8.749999999999982 2.0836453769055578e-33 100000
6.699999999999977 6.699999999999977 6.699999999999977 6.699999999999977 6.699999999999977 0.008768291706816242 100000
3.2499999999999893 3.2499999999999893 3.2499999999999893 3.2499999999999893 3.2499999999999893 0.0017128358529750233 100000
