4.235101274377294 1.9897565827553325 100000
4.485101274377293 2.767698674314992 100000
3.6351012743772957 11.500817804733618 100000
3.9351012743772946 24.69690974596114 100000
5.84999999999998 5.84999999999998 0.1526562136282302 100000
4.199999999999986 4.199999999999986 0.9525905168563175 100000
4.285101274377293 6.299754210507948 2.7918993444624887 100000
4.185101274377294 6.199754210507948 5.343910314172062 100000
1.9999999999999936 1.9999999999999936 1.9999999999999936 0.02074813698754744 100000
5.249999999999982 5.249999999999982 5.249999999999982 0.0026887481775042916 100000
8.249999999999975 8.249999999999975 8.249999999999975 0.9736977990166883 100000
8.249999999999975 8.249999999999975 8.249999999999975 0.9759098182884844 100000
8.349999999999977 8.349999999999977 8.349999999999977 8.349999999999977 8.349999999999977 8.083406398777552e-22 100000
6.549999999999978 6.549999999999978 6.549999999999978 6.549999999999978 6.549999999999978 2.2461225645321204e-13 100000
3.349999999999989 3.349999999999989 3.349999999999989 3.349999999999989 3.349999999999989 0.16964413929464087 100000
6.749999999999977 6.749999999999977 6.749999999999977 6.749999999999977 6.749999999999977 0.3191552504271074 100000
