7.6999999999999735 1.2057012067137582 100000
0.44999999999999984 2.7447567469334424 100000
1.6856168088140973 10.194345919521776 100000
1.4500000000000004 20.168062474693222 100000
3.299999999999989 3.299999999999989 0.28631828318568364 100000
8.14999999999998 8.14999999999998 0.9927034520263174 100000
8.599999999999987 8.949999999999985 4.68005965306375 100000
1.4500000000000004 4.001004605246763 4.327014558654705 100000
7.599999999999974 7.599999999999974 7.599999999999974 0.024587792275537975 100000
4.699999999999984 4.699999999999984 4.699999999999984 0.23150928218847763 100000
0.9499999999999926 0.9499999999999926 0.9499999999999926 1.1395614843438986 100000
6.249999999999979 6.249999999999979 6.249999999999979 1.3887544638886342 100000
9.549999999999994 9.549999999999994 9.549999999999994 9.549999999999994 9.549999999999994 2.5107533343617955e-34 100000
9.649999999999995 9.649999999999995 9.649999999999995 9.649999999999995 9.649999999999995 2.453878593604164e-23 100000
8.849999999999984 8.849999999999984 8.849999999999984 8.849999999999984 8.849999999999984 7.875036166011837e-10 100000
9.049999999999986 9.049999999999986 9.049999999999986 9.049999999999986 9.049999999999986 1.303813050088716e-10 100000
