2.6499999999999986 2.8014609958473358 100000
2.6999999999999984 3.795988403918112 100000
2.5805494822409125 13.335607260148386 100000
2.8805494822409115 20.447382220159128 100000
6.799999999999984 6.799999999999984 0.9994213834017812 100000
6.799999999999984 6.799999999999984 0.9994213839457025 100000
5.230549482240903 4.849999999999991 2.9524173038118255 100000
5.830549482240901 4.3334960696491125 4.1733947281322825 100000
1.9500000000000008 1.9500000000000008 1.9500000000000008 4.064480557519528e-18 100000
3.999999999999994 3.999999999999994 3.999999999999994 5.276979450536509e-06 100000
4.799999999999991 4.799999999999991 4.799999999999991 0.19623064850264962 100000
5.04999999999999 5.04999999999999 5.04999999999999 1.0631929063461294 100000
3.949999999999994 3.949999999999994 3.949999999999994 3.949999999999994 3.949999999999994 9.639917132775034e-09 100000
3.7499999999999947 3.7499999999999947 3.7499999999999947 3.7499999999999947 3.7499999999999947 6.688489531057797e-08 100000
3.149999999999997 3.149999999999997 3.149999999999997 3.149999999999997 3.149999999999997 2.3160580156888237e-06 100000
2.25 2.25 2.25 2.25 2.25 0.058719393618345994 100000
