8.499999999999979 1.1878523264587364 100000
1.8500000000000008 2.5559563259282667 100000
2.1850719159572742 15.471831679467263 100000
2.1350719159572744 26.808672278978428 100000
2.25 2.25 0.7676521536786853 100000
9.24999999999999 9.24999999999999 0.9119227353757393 100000
6.935071915957257 6.199999999999986 2.9953351563334896 100000
6.435071915957259 5.166142123702136 6.147495761281153 100000
6.949999999999976 6.949999999999976 6.949999999999976 1.36422856113632e-19 100000
3.8499999999999943 3.8499999999999943 3.8499999999999943 0.053130733400575766 100000
5.899999999999987 5.899999999999987 5.899999999999987 0.9901118370614894 100000
5.7499999999999805 5.6661421237021345 5.7499999999999805 1.8741597975110529 100000
6.299999999999986 6.299999999999986 6.299999999999986 6.299999999999986 6.299999999999986 3.8723185840369426e-11 100000
6.599999999999977 6.599999999999977 6.599999999999977 6.599999999999977 6.599999999999977 4.351993117814194e-12 100000
5.699999999999981 5.699999999999981 5.699999999999981 5.699999999999981 5.699999999999981 5.697489657056085e-07 100000
7.349999999999975 7.349999999999975 7.349999999999975 7.349999999999975 7.349999999999975 1.97846524083378e-06 100000
