6.149999999999979 2.6154738997827662 100000
7.249999999999982 3.823171517651073 100000
7.1949660285730515 11.389780995570625 100000
4.294966028573062 21.41298934748831 100000
6.5999999999999845 6.5999999999999845 0.9586523577590103 100000
6.199999999999979 6.199999999999979 1.471841162223802 100000
6.549999999999978 4.99999999999999 3.3130021226999165 100000
7.449999999999974 4.340981743044077 5.0973753482372635 100000
6.299999999999986 6.299999999999986 6.299999999999986 0.6009443543887811 100000
6.299999999999986 6.299999999999986 6.299999999999986 0.6009443544585729 100000
6.749999999999977 6.749999999999977 6.749999999999977 0.9775416451123848 100000
3.849999999999987 3.7499999999999947 3.7499999999999947 2.175557341451698 100000
7.349999999999975 7.349999999999975 7.349999999999975 7.349999999999975 7.349999999999975 1.689145381691513e-08 100000
8.299999999999976 8.299999999999976 8.299999999999976 8.299999999999976 8.299999999999976 5.876336879280218e-10 100000
4.499999999999992 4.499999999999992 4.499999999999992 4.499999999999992 4.499999999999992 0.005320995106601753 100000
5.299999999999982 5.299999999999982 5.299999999999982 5.299999999999982 5.299999999999982 0.24336728291084406 100000
