6.449999999999985 2.5716770258070216 100000
2.549999999999999 2.8851886951404997 100000
4.797731195167434 11.014078748075304 100000
6.147731195167429 23.782232948698145 100000
6.199999999999986 6.199999999999986 0.9624407510194521 100000
5.849999999999987 5.849999999999987 1.549100309366134 100000
4.397731195167435 6.549999999999978 5.527227321347037 100000
5.299999999999989 5.699999999999981 6.812273516528159 100000
6.449999999999985 6.449999999999985 6.449999999999985 0.6270409251812884 100000
6.449999999999978 6.449999999999978 6.449999999999978 0.6280147164376251 100000
6.799999999999984 6.799999999999984 6.799999999999984 1.175562494349496 100000
6.649999999999984 6.649999999999984 6.649999999999984 1.3223865917828157 100000
5.549999999999988 5.549999999999988 5.549999999999988 5.549999999999988 5.549999999999988 3.5986004659375097e-05 100000
8.749999999999982 8.749999999999982 8.749999999999982 8.749999999999982 8.749999999999982 1.0597619596236621e-10 100000
7.849999999999973 7.849999999999973 7.849999999999973 7.849999999999973 7.849999999999973 0.21476129601550495 100000
2.7499999999999982 2.7499999999999982 2.7499999999999982 2.7499999999999982 2.7499999999999982 0.029380657664405865 100000
