8.099999999999973 1.988223489310363 100000
8.199999999999974 3.3164991585959833 100000
8.468891561453544 12.363732421039098 100000
8.518891561453545 23.874775955152927 100000
4.849999999999991 4.849999999999991 1.1549450350558412 100000
4.849999999999984 4.849999999999984 1.155519467073335 100000
3.0188915614535556 3.1499999999999897 3.2635200217582745 100000
6.918891561453542 8.049999999999972 5.803070975954549 100000
0.35 0.35 0.35 1.8171625849037155e-25 100000
8.949999999999985 8.949999999999985 8.949999999999985 0.37891071403069976 100000
7.84999999999998 7.84999999999998 7.84999999999998 0.42300558130911375 100000
7.649999999999981 7.649999999999981 7.649999999999981 0.742751070212636 100000
0.25 0.25 0.25 0.25 0.25 3.949555468682898e-58 100000
0.0 0.0 0.0 0.0 0.0 2.249553988182696e-26 100000
0.2 0.2 0.2 0.2 0.2 2.4457971536212306e-13 100000
1.4500000000000004 1.4500000000000004 1.4500000000000004 1.4500000000000004 1.4500000000000004 9.374026210115829e-07 100000
