8.899999999999984 2.031805129510875 100000
0.7999999999999998 2.7218027926322494 100000
2.857979025745764 13.714580243483326 100000
6.607979025745751 22.119201271944473 100000
1.6500000000000006 1.6500000000000006 0.716369016101886 100000
1.6500000000000006 1.6500000000000006 0.7171590920608472 100000
3.0579790257457633 4.6314782261810565 4.000393160265294 100000
2.9499999999999975 4.481478226181057 5.829657987507474 100000
1.3000000000000003 1.3000000000000003 1.3000000000000003 0.2966105783305846 100000
1.3000000000000003 1.3000000000000003 1.3000000000000003 0.29661583567864114 100000
1.2500000000000002 1.2500000000000002 1.2500000000000002 1.482889140587426 100000
1.2500000000000002 1.2500000000000002 1.2500000000000002 1.4829061051217862 100000
1.7000000000000006 1.7000000000000006 1.7000000000000006 1.7000000000000006 1.7000000000000006 2.6360267981147867e-19 100000
3.7999999999999945 3.7999999999999945 3.7999999999999945 3.7999999999999945 3.7999999999999945 0.031122902940061842 100000
3.7999999999999945 3.7999999999999945 3.7999999999999945 3.7999999999999945 3.7999999999999945 0.031135641905249277 100000
1.2000000000000002 1.2000000000000002 1.2000000000000002 1.2000000000000002 1.2000000000000002 0.2805340212777374 100000
