7.899999999999973 0.9997951349170935 100000
7.399999999999975 2.6855694877004024 100000
6.576870280802853 11.433005397934187 100000
4.826870280802859 19.686054516359796 100000
5.7499999999999805 5.7499999999999805 0.6273051807279926 100000
7.449999999999974 7.449999999999974 1.1869847869118193 100000
4.676870280802859 2.0500000000000007 3.9059081942402067 100000
4.6268702808028594 2.6999999999999984 6.9271878968762 100000
3.4499999999999886 3.4499999999999886 3.4499999999999886 0.19957530346516344 100000
3.4499999999999957 3.4499999999999957 3.4499999999999957 0.19957530696762837 100000
4.499999999999985 4.499999999999985 4.499999999999985 0.7784961698709222 100000
6.199999999999979 6.199999999999979 6.199999999999979 1.3712729241605999 100000
4.149999999999993 4.149999999999993 4.149999999999993 4.149999999999993 4.149999999999993 1.420076847369583e-12 100000
1.5500000000000005 1.5500000000000005 1.5500000000000005 1.5500000000000005 1.5500000000000005 2.0531926278385113e-10 100000
0.7000000000000001 0.7000000000000001 0.7000000000000001 0.7000000000000001 0.7000000000000001 1.4406985197340255e-06 100000
5.79999999999998 5.79999999999998 5.79999999999998 5.79999999999998 5.79999999999998 0.20146511935346473 100000
