0.6499999999999999 2.687231874269165 100000
6.499999999999985 2.710788786792598 100000
3.2092362374493995 14.158772685449735 100000
3.309236237449399 23.518397609603905 100000
3.09999999999999 3.09999999999999 0.8849154960978753 100000
6.699999999999977 6.699999999999977 0.48550054857263064 100000
8.349999999999984 8.349999999999984 3.021240752548765 100000
3.859236237449397 1.9000000000000008 3.9805490627993945 100000
3.4499999999999886 3.4499999999999886 3.4499999999999886 0.4005146247719672 100000
3.4499999999999886 3.4499999999999886 3.4499999999999886 0.502317687591364 100000
8.349999999999977 8.349999999999977 8.349999999999977 0.8781730035756439 100000
8.699999999999982 8.699999999999982 8.699999999999982 1.7274762988037025 100000
7.099999999999976 7.099999999999976 7.099999999999976 7.099999999999976 7.099999999999976 1.9947341430173874e-18 100000
7.299999999999975 7.299999999999975 7.299999999999975 7.299999999999975 7.299999999999975 2.7982185247340046e-13 100000
7.549999999999974 7.549999999999974 7.549999999999974 7.549999999999974 7.549999999999974 0.13595298102097947 100000
7.549999999999974 7.549999999999974 7.549999999999974 7.549999999999974 7.549999999999974 0.14388946587202187 100000
