6.649999999999977 1.2826260304983494 100000
6.599999999999977 2.7970498418004905 100000
1.695401188473631 12.45466567671979 100000
1.1954011884736306 21.864593707504213 100000
6.599999999999977 6.599999999999977 0.9698830214003515 100000
1.7000000000000006 1.7000000000000006 1.9303892028158538 100000
6.8499999999999766 6.8499999999999766 2.458964450849394 100000
3.049999999999997 4.799999999999984 4.713954824641106 100000
0.8 0.8 0.8 6.42266430154211e-12 100000
2.6499999999999986 2.6499999999999986 2.6499999999999986 0.06933730902346145 100000
8.899999999999984 8.899999999999984 8.899999999999984 0.41436288552999906 100000
9.199999999999996 9.199999999999996 9.199999999999996 1.2450756340806364 100000
1.0000000000000002 1.0000000000000002 1.0000000000000002 1.0000000000000002 1.0000000000000002 4.75606315492869e-17 100000
1.1500000000000004 1.1500000000000004 1.1500000000000004 1.1500000000000004 1.1500000000000004 5.354788976311314e-16 100000
1.1500000000000004 1.1500000000000004 1.1500000000000004 1.1500000000000004 1.1500000000000004 5.1062995172547564e-15 100000
0.05000000000000002 0.05000000000000002 0.05000000000000002 0.05000000000000002 0.05000000000000002 1.0901543703628745e-20 100000
