2.549999999999992 1.8016257767487205 100000
6.399999999999978 2.6454076860219446 100000
8.950545663897783 11.695789114836796 100000
2.550545663897789 19.51577430300011 100000
6.049999999999979 6.049999999999979 0.45832303142654085 100000
3.599999999999988 3.599999999999988 0.6750254146675646 100000
5.599999999999988 5.79999999999998 1.7830759599107409 100000
4.6499999999999915 6.340665392794813 4.878294466109006 100000
3.149999999999997 3.149999999999997 3.149999999999997 0.183969506203309 100000
3.149999999999997 3.149999999999997 3.149999999999997 0.1839695370555728 100000
8.849999999999984 8.849999999999984 8.849999999999984 1.1592045993407645 100000
6.899999999999976 6.899999999999976 6.899999999999976 1.5872247596535647 100000
0.8500000000000001 0.8500000000000001 0.8500000000000001 0.8500000000000001 0.8500000000000001 2.879500863084499e-33 100000
0.9000000000000001 0.9000000000000001 0.9000000000000001 0.9000000000000001 0.9000000000000001 2.879500863084499e-33 100000
1.5500000000000007 1.5500000000000007 1.5500000000000007 1.5500000000000007 1.5500000000000007 1.0243577867878052e-05 100000
2.7499999999999982 2.7499999999999982 2.7499999999999982 2.7499999999999982 2.7499999999999982 0.03262890091376047 100000
