3.599999999999995 2.003417233089601 100000
3.8984214866565052 4.035691714448032 100000
8.7484214866565 10.117863388194683 100000
8.7484214866565 18.875702454980367 100000
3.999999999999994 3.999999999999994 0.9986328145888385 100000
3.999999999999994 3.999999999999994 0.9989607713473119 100000
4.199999999999986 4.199999999999986 1.8458851613279308 100000
7.349999999999975 1.2000000000000002 4.90134818388626 100000
4.399999999999992 4.399999999999992 4.399999999999992 0.46607344572438814 100000
1.6000000000000005 1.6000000000000005 1.6000000000000005 0.5983443077456375 100000
4.149999999999993 4.149999999999993 4.149999999999993 0.9357959721255612 100000
4.399999999999985 4.049999999999994 4.399999999999985 1.2905919081412947 100000
3.5499999999999954 3.5499999999999954 3.5499999999999954 3.5499999999999954 3.5499999999999954 3.024906182693218e-10 100000
3.1999999999999966 3.1999999999999966 3.1999999999999966 3.1999999999999966 3.1999999999999966 1.493229570627827e-13 100000
3.699999999999995 3.699999999999995 3.699999999999995 3.699999999999995 3.699999999999995 6.45053366839416e-06 100000
6.8999999999999835 6.8999999999999835 6.8999999999999835 6.8999999999999835 6.8999999999999835 0.05968120881765946 100000
