4.799999999999984 2.512176782725544 100000
1.0 3.398643436099739 100000
1.349999999999993 11.929465011923412 100000
4.690115134755987 17.712058622530872 100000
4.599999999999992 4.599999999999992 0.9602865164492329 100000
4.499999999999985 4.499999999999985 1.0258504018111054 100000
1.5500000000000005 1.5500000000000005 2.8560118290401646 100000
1.9499999999999935 1.3500000000000003 4.305794339920504 100000
1.1 1.1 1.1 0.5138390413910762 100000
1.1 1.1 1.1 0.5138393624864167 100000
1.0 1.0 1.0 0.9367790832619611 100000
1.0 1.0 1.0 0.9370383582517816 100000
8.349999999999977 8.349999999999977 8.349999999999977 8.349999999999977 8.349999999999977 4.249904751668491e-11 100000
8.299999999999976 8.299999999999976 8.299999999999976 8.299999999999976 8.299999999999976 4.249904751668491e-11 100000
9.899999999999999 9.899999999999999 9.899999999999999 9.899999999999999 9.899999999999999 2.738287805572957e-15 100000
2.749999999999991 2.749999999999991 2.749999999999991 2.749999999999991 2.749999999999991 0.024493489718240773 100000
