6.999999999999976 1.3712931600703397 100000
4.5999999999999845 2.9306183312008884 100000
0.7999999999999998 12.379730248840726 100000
1.088323508057526 22.664211775201768 100000
0.8500000000000001 0.8500000000000001 2.6651181647074486e-06 100000
5.14999999999999 5.14999999999999 0.06838407904292992 100000
1.6000000000000005 1.6000000000000005 3.2506622448781406 100000
1.6999999999999933 1.6999999999999933 6.117180147231794 100000
0.8499999999999999 0.8499999999999999 0.8499999999999999 8.678022468336452e-15 100000
1.9500000000000008 1.9500000000000008 1.9500000000000008 0.054714761224797855 100000
0.49999999999999994 0.49999999999999994 0.49999999999999994 0.7065383614266111 100000
0.5499999999999999 0.5499999999999999 0.5499999999999999 0.7254439699923985 100000
0.75 0.75 0.75 0.75 0.75 2.2022169745888125e-08 100000
0.8 0.8 0.8 0.8 0.8 2.2029968969167454e-08 100000
1.1500000000000004 1.1500000000000004 1.1500000000000004 1.1500000000000004 1.1500000000000004 1.0787374647468814e-06 100000
1.3000000000000005 1.3000000000000005 1.3000000000000005 1.3000000000000005 1.3000000000000005 6.643442380156523e-06 100000
