7.399999999999975 2.5928432815389044 100000
7.1499999999999755 4.07540911201441 100000
2.749999999999991 12.22348782232783 100000
5.484884718936484 23.759907700121392 100000
7.549999999999974 7.549999999999974 0.6546988375348621 100000
2.6999999999999984 2.6999999999999984 1.049471499060745 100000
1.5500000000000005 3.4999999999999885 2.582776097382285 100000
5.14999999999999 8.54999999999998 4.481250815423754 100000
1.7500000000000007 1.7500000000000007 1.7500000000000007 0.031774287038984696 100000
1.7500000000000007 1.7500000000000007 1.7500000000000007 0.03177432091269887 100000
0.7499999999999998 0.7499999999999998 0.7499999999999998 0.2618013697534261 100000
0.7499999999999998 0.7499999999999998 0.7499999999999998 0.26182290825715426 100000
8.499999999999979 8.499999999999979 8.499999999999979 8.499999999999979 8.499999999999979 3.1803545438743867e-28 100000
8.699999999999982 8.699999999999982 8.699999999999982 8.699999999999982 8.699999999999982 7.502202857463149e-31 100000
4.849999999999991 4.849999999999991 4.849999999999991 4.849999999999991 4.849999999999991 0.00552364598990809 100000
7.6999999999999735 7.6999999999999735 7.6999999999999735 7.6999999999999735 7.6999999999999735 0.025497667416156996 100000
