3.04999999999999 2.9194315408692426 100000
3.2499999999999964 3.927984095435971 100000
3.349999999999996 12.513264767011318 100000
3.4249027093115227 23.48380687760135 100000
2.8999999999999977 2.8999999999999977 0.9949125244777396 100000
1.1 1.1 1.4639934400306083 100000
4.94999999999999 6.199999999999979 3.4190050505845977 100000
4.399999999999992 6.549999999999978 6.415456649480049 100000
5.7499999999999805 5.7499999999999805 5.7499999999999805 0.004400463788250572 100000
5.949999999999987 5.949999999999987 5.949999999999987 0.5449281669113378 100000
5.949999999999987 5.949999999999987 5.949999999999987 0.6720461091561404 100000
5.949999999999987 6.099999999999979 5.949999999999987 1.1936491548774613 100000
7.349999999999975 7.349999999999975 7.349999999999975 7.349999999999975 7.349999999999975 1.8486668539169132e-15 100000
7.399999999999975 7.399999999999975 7.399999999999975 7.399999999999975 7.399999999999975 1.79542444627923e-16 100000
8.849999999999984 8.849999999999984 8.849999999999984 8.849999999999984 8.849999999999984 5.965700246216978e-20 100000
4.8999999999999835 4.8999999999999835 4.8999999999999835 4.8999999999999835 4.8999999999999835 0.0018215039465251347 100000
