9.099999999999987 1.946255524905926 100000
2.3 1.9337665297420936 100000
8.909644558559142 13.202770770145575 100000
6.259644558559135 24.451241154424476 100000
6.249999999999979 6.249999999999979 0.5879129188352998 100000
8.949999999999985 8.949999999999985 1.1144457422960987 100000
4.109644558559143 3.5706183196181405 2.311756835753267 100000
3.8596445585591432 3.3206183196181414 6.206284918858225 100000
4.799999999999984 4.799999999999984 4.799999999999984 1.0113696022441748e-07 100000
2.0999999999999934 2.0999999999999934 2.0999999999999934 0.0588038056102576 100000
3.7499999999999876 3.7499999999999876 3.7499999999999876 0.6157416351188616 100000
3.649999999999995 3.649999999999995 3.649999999999995 0.7082779461418401 100000
4.699999999999984 4.699999999999984 4.699999999999984 4.699999999999984 4.699999999999984 1.9556545131369314e-14 100000
3.599999999999988 3.599999999999988 3.599999999999988 3.599999999999988 3.599999999999988 3.1580819343284604e-05 100000
6.149999999999979 6.149999999999979 6.149999999999979 6.149999999999979 6.149999999999979 0.0949769909274146 100000
6.149999999999979 6.149999999999979 6.149999999999979 6.149999999999979 6.149999999999979 0.09497820394885 100000
