6.999999999999976 2.0752888140448356 100000
7.249999999999975 2.708599114819432 100000
5.770298390136751 11.691760646776027 100000
5.549999999999981 24.665340163478085 100000
3.4499999999999957 3.4499999999999957 0.19147987387441134 100000
3.4499999999999886 3.4499999999999886 0.1915548685686633 100000
5.749999999999988 5.749999999999988 2.3413452447432017 100000
6.199999999999979 2.1223224917572354 5.9554565572078095 100000
9.34999999999999 9.34999999999999 9.34999999999999 8.027658672124761e-27 100000
6.249999999999986 6.249999999999986 6.249999999999986 7.677127155936484e-06 100000
6.149999999999979 6.149999999999979 6.149999999999979 0.3528386512610259 100000
6.2999999999999785 3.999999999999994 6.2999999999999785 1.403274704461724 100000
7.149999999999983 7.149999999999983 7.149999999999983 7.149999999999983 7.149999999999983 1.906890683162602e-20 100000
9.34999999999999 9.34999999999999 9.34999999999999 9.34999999999999 9.34999999999999 2.2137721539949104e-34 100000
2.549999999999999 2.549999999999999 2.549999999999999 2.549999999999999 2.549999999999999 0.12208264310463827 100000
8.099999999999973 8.099999999999973 8.099999999999973 8.099999999999973 8.099999999999973 5.282831326438474e-06 100000
