3.399999999999996 2.3733575444829063 100000
3.4960164553802198 4.933981139735797 100000
3.696016455380219 12.292431730786083 100000
4.346016455380218 19.98177257070498 100000
3.4499999999999886 3.4499999999999886 1.339936753858137 100000
5.14999999999999 5.14999999999999 1.0074229446376646 100000
5.099999999999983 5.099999999999983 3.5073247489219015 100000
4.94999999999999 4.94999999999999 5.143432600979974 100000
3.349999999999989 3.349999999999989 3.349999999999989 0.9013342475824737 100000
3.349999999999996 3.349999999999996 3.349999999999996 0.90133462239156 100000
3.4999999999999956 3.4999999999999956 3.4999999999999956 1.313232469714619 100000
3.5499999999999954 3.5499999999999954 3.5499999999999954 2.453183331831583 100000
2.6999999999999984 2.6999999999999984 2.6999999999999984 2.6999999999999984 2.6999999999999984 6.019544991496505e-24 100000
2.6499999999999986 2.6499999999999986 2.6499999999999986 2.6499999999999986 2.6499999999999986 4.47729675767005e-21 100000
3.949999999999994 3.949999999999994 3.949999999999994 3.949999999999994 3.949999999999994 0.01819219654727256 100000
3.949999999999994 3.949999999999994 3.949999999999994 3.949999999999994 3.949999999999994 0.018208707956986703 100000
