3.1499999999999897 1.8332761230244308 100000
3.407314155035535 2.740937614760218 100000
3.2573141550355365 12.164110387128053 100000
2.05731415503554 21.18551011951929 100000
1.9999999999999936 1.9999999999999936 0.9302601220100221 100000
2.8999999999999906 2.8999999999999906 1.1174210592190503 100000
8.849999999999984 6.499999999999985 3.0014829288467646 100000
4.007314155035534 1.1 5.140260827438555 100000
8.449999999999978 8.449999999999978 8.449999999999978 6.705085262901396e-17 100000
6.699999999999984 6.699999999999984 6.699999999999984 0.2806112560339653 100000
6.749999999999977 6.749999999999977 6.749999999999977 0.30458685390469076 100000
7.199999999999975 2.0500000000000007 4.033036725425921 2.352273581592723 100000
8.799999999999983 8.799999999999983 8.799999999999983 8.799999999999983 8.799999999999983 9.228518748796873e-12 100000
8.699999999999982 8.699999999999982 8.699999999999982 8.699999999999982 8.699999999999982 7.246641980404907e-11 100000
7.749999999999973 7.749999999999973 7.749999999999973 7.749999999999973 7.749999999999973 9.140412181496765e-05 100000
8.349999999999977 8.349999999999977 8.349999999999977 8.349999999999977 8.349999999999977 5.508495336841482e-08 100000
