0.8 1.8959877194363344 100000
6.131103407097923 3.3678911868280825 100000
7.681103407097917 12.471020449637402 100000
7.631103407097918 22.169212512322883 100000
6.999999999999976 6.999999999999976 0.43961392144863026 100000
6.999999999999976 6.999999999999976 0.4459637641232603 100000
3.9999999999999867 1.3000000000000003 2.1514076288917585 100000
3.899999999999987 1.7500000000000007 3.6778034253405356 100000
6.399999999999978 6.399999999999978 6.399999999999978 0.051555558189763914 100000
6.399999999999978 6.399999999999978 6.399999999999978 0.05194307494964183 100000
2.0500000000000007 2.0500000000000007 2.0500000000000007 0.7771335156631844 100000
2.0999999999999934 2.0999999999999934 2.0999999999999934 0.8685618659073239 100000
6.849999999999984 6.849999999999984 6.849999999999984 6.849999999999984 6.849999999999984 8.626016719622825e-05 100000
6.799999999999984 6.799999999999984 6.799999999999984 6.799999999999984 6.799999999999984 9.157176110005097e-05 100000
5.79999999999998 5.79999999999998 5.79999999999998 5.79999999999998 5.79999999999998 0.014095827048818382 100000
0.15000000000000002 0.15000000000000002 0.15000000000000002 0.15000000000000002 0.15000000000000002 1.0326409546798052e-07 100000
