5.416624072101342 3.280243867602504 100000
5.166624072101343 4.076820265598436 100000
2.5666240721013525 12.280885760093838 100000
6.666624072101338 20.907094144644372 100000
5.599999999999981 5.599999999999981 0.8920297186689953 100000
4.5166240721013455 3.699999999999995 1.8864705023530732 100000
5.766624072101341 5.4999999999999885 2.928209773057071 100000
8.766624072101344 6.349999999999985 4.92130530811619 100000
7.399999999999975 7.399999999999975 7.399999999999975 1.980795285622464e-10 100000
4.5999999999999845 4.5999999999999845 4.5999999999999845 0.9419630722953298 100000
5.94999999999998 5.94999999999998 5.94999999999998 2.1389385844583018 100000
4.3499999999999925 4.3499999999999925 4.3499999999999925 2.3345126626227293 100000
7.949999999999973 7.949999999999973 7.949999999999973 7.949999999999973 7.949999999999973 4.47905949458444e-28 100000
7.649999999999974 7.649999999999974 7.649999999999974 7.649999999999974 7.649999999999974 2.3688721555655906e-15 100000
6.049999999999979 6.049999999999979 6.049999999999979 6.049999999999979 6.049999999999979 0.2237855807131471 100000
6.049999999999979 6.049999999999979 6.049999999999979 6.049999999999979 6.049999999999979 0.22399056838456077 100000
