0.2 1.053086109310521 100000
0.25 2.0489359381153314 100000
2.001829671407746 13.994371013801526 100000
2.001829671407746 25.102057888919585 100000
3.999999999999994 3.999999999999994 0.9930389987795423 100000
3.8499999999999943 3.8499999999999943 1.0892768401495427 100000
2.2018296714077454 1.6323949696508615 6.180068812407372 100000
2.2518296714077453 1.6823949696508624 7.8546880564995085 100000
0.05 0.05 0.05 1.5377706715177412e-14 100000
1.6999999999999933 1.6999999999999933 1.6999999999999933 0.9929242371331132 100000
7.6999999999999735 7.6999999999999735 7.6999999999999735 1.2343252387696646 100000
1.8500000000000008 1.8500000000000008 1.8500000000000008 1.795839705251272 100000
0.2499999999999999 0.2499999999999999 0.2499999999999999 0.2499999999999999 0.2499999999999999 3.857529582258136e-21 100000
5.04999999999999 5.04999999999999 5.04999999999999 5.04999999999999 5.04999999999999 1.1528701724366352e-07 100000
1.4000000000000006 1.4000000000000006 1.4000000000000006 1.4000000000000006 1.4000000000000006 8.253353437994875e-08 100000
1.4000000000000006 1.4000000000000006 1.4000000000000006 1.4000000000000006 1.4000000000000006 1.485333558145739e-07 100000
