5.04999999999999 1.8994419711495236 100000
5.04999999999999 1.900480493203147 100000
8.199999999999982 12.897647318997505 100000
2.9499999999999975 23.015079300116376 100000
3.8499999999999943 3.8499999999999943 0.09338953140283587 100000
8.59999999999998 8.59999999999998 0.726601427970046 100000
1.3500000000000003 2.799999999999991 3.490983005009928 100000
2.25 7.9999999999999725 4.224612870415346 100000
7.89999999999998 7.89999999999998 7.89999999999998 1.2339019818445785e-06 100000
5.249999999999989 5.249999999999989 5.249999999999989 0.0005668873247234417 100000
3.2499999999999964 3.2499999999999964 3.2499999999999964 0.5236859344217782 100000
1.7000000000000006 1.7000000000000006 1.7000000000000006 0.6544724896612166 100000
6.349999999999978 6.349999999999978 6.349999999999978 6.349999999999978 6.349999999999978 1.5575216094705153e-07 100000
2.549999999999999 2.549999999999999 2.549999999999999 2.549999999999999 2.549999999999999 1.6015616270584065e-08 100000
0.05000000000000002 0.05000000000000002 0.05000000000000002 0.05000000000000002 0.05000000000000002 8.815402115550954e-13 100000
4.99999999999999 4.99999999999999 4.99999999999999 4.99999999999999 4.99999999999999 0.016165530478189027 100000
