3.349999999999996 2.1090700901128865 100000
3.399999999999989 4.521598107371616 100000
1.7499999999999933 9.77989101535539 100000
7.3919185054257435 18.741403822339286 100000
3.4999999999999956 3.4999999999999956 0.10937462485100163 100000
7.199999999999982 7.199999999999982 1.0006979329607855 100000
0.5499999999999998 0.5499999999999998 2.646246920858668 100000
8.59999999999998 3.584122660146533 5.085783888565019 100000
2.6999999999999984 2.6999999999999984 2.6999999999999984 0.006527370209739187 100000
2.6999999999999984 2.6999999999999984 2.6999999999999984 0.0065273702097833584 100000
5.84999999999998 5.84999999999998 5.84999999999998 1.0201483688159714 100000
2.499999999999992 2.499999999999992 2.499999999999992 1.1778939011460743 100000
6.099999999999986 6.099999999999986 6.099999999999986 6.099999999999986 6.099999999999986 6.51427948799028e-13 100000
4.3499999999999925 4.3499999999999925 4.3499999999999925 4.3499999999999925 4.3499999999999925 1.2121738200862054e-10 100000
2.1500000000000004 2.1500000000000004 2.1500000000000004 2.1500000000000004 2.1500000000000004 0.0815023388959664 100000
6.349999999999985 6.349999999999985 6.349999999999985 6.349999999999985 6.349999999999985 0.00010458379852534548 100000
