5.449999999999989 2.127530538218362 100000
5.123496429021742 3.4792064683565114 100000
4.799999999999991 11.073431302147846 100000
6.323496429021737 21.442200456712193 100000
5.349999999999989 5.349999999999989 1.1921319417909646 100000
5.249999999999989 5.249999999999989 1.4223535896741952 100000
6.849999999999984 6.849999999999984 2.6300115499609515 100000
3.2734964290217485 4.499999999999985 4.758013637886498 100000
0.9500000000000002 0.9500000000000002 0.9500000000000002 3.671379412462262e-12 100000
4.749999999999991 4.749999999999991 4.749999999999991 0.01830651355421213 100000
3.9999999999999867 3.9999999999999867 3.9999999999999867 0.7953848886053346 100000
4.099999999999993 4.099999999999993 4.099999999999993 2.212673571185835 100000
3.7499999999999876 3.7499999999999876 3.7499999999999876 3.7499999999999876 3.7499999999999876 1.843811867733958e-19 100000
4.449999999999992 4.449999999999992 4.449999999999992 4.449999999999992 4.449999999999992 3.221729252716945e-08 100000
4.199999999999993 4.199999999999993 4.199999999999993 4.199999999999993 4.199999999999993 0.43755017268891916 100000
4.199999999999986 4.199999999999986 4.199999999999986 4.199999999999986 4.199999999999986 0.43782159737305576 100000
