4.999999999999983 2.3960704784052367 100000
3.5499999999999883 2.963929986303727 100000
3.40105583022694 11.754005836326426 100000
5.8010558302269315 22.162364494872985 100000
3.399999999999989 3.399999999999989 0.8070483624801865 100000
3.399999999999989 3.399999999999989 0.8283299569145488 100000
5.799999999999987 5.799999999999987 3.104188858109876 100000
7.601055830226926 8.462059158933373 4.1708612221234755 100000
5.949999999999987 5.949999999999987 5.949999999999987 2.2164983253936135e-08 100000
7.199999999999975 7.199999999999975 7.199999999999975 1.274812172388484e-08 100000
3.849999999999987 3.849999999999987 3.849999999999987 0.8595367432451471 100000
5.79999999999998 5.79999999999998 5.79999999999998 0.9446622039818182 100000
7.549999999999974 7.549999999999974 7.549999999999974 7.549999999999974 7.549999999999974 1.7439203231683425e-24 100000
7.899999999999973 7.899999999999973 7.899999999999973 7.899999999999973 7.899999999999973 4.377229241465083e-10 100000
2.2 2.2 2.2 2.2 2.2 1.1170961720292724e-05 100000
3.2999999999999963 3.2999999999999963 3.2999999999999963 3.2999999999999963 3.2999999999999963 0.17832579145647331 100000
