1.349999999999993 1.8366713919099014 100000
6.0499999999999865 3.528456670719411 100000
4.34035115574425 12.514175119870437 100000
6.3403511557442425 21.791112436804497 100000
5.14999999999999 5.14999999999999 0.09914875304021326 100000
4.299999999999986 4.299999999999986 0.9322280761493733 100000
6.249999999999979 6.249999999999979 2.3073914792829253 100000
5.099999999999983 2.6999999999999984 3.608330117898838 100000
8.449999999999978 8.449999999999978 8.449999999999978 5.283002343077764e-13 100000
5.599999999999988 5.599999999999988 5.599999999999988 0.03126035554664598 100000
6.049999999999979 6.049999999999979 6.049999999999979 0.7515322188159775 100000
6.0499999999999865 6.0499999999999865 6.0499999999999865 0.7590362422364777 100000
8.349999999999977 8.349999999999977 8.349999999999977 8.349999999999977 8.349999999999977 4.7945782722151666e-34 100000
7.449999999999974 7.449999999999974 7.449999999999974 7.449999999999974 7.449999999999974 4.004240782945884e-10 100000
4.149999999999993 4.149999999999993 4.149999999999993 4.149999999999993 4.149999999999993 0.0099468254883632 100000
7.79999999999998 7.79999999999998 7.79999999999998 7.79999999999998 7.79999999999998 0.01557573916352855 100000
