8.949999999999985 1.8889141820996906 100000
8.749999999999982 2.130150318186935 100000
2.3999999999999995 11.559426851640405 100000
5.319931710897384 18.829958726415455 100000
5.499999999999981 5.499999999999981 0.47596387202592827 100000
5.89999999999998 5.89999999999998 1.218487133800281 100000
9.049999999999986 9.049999999999986 1.9928403198804103 100000
1.2000000000000002 2.1499999999999932 5.202091067071435 100000
3.299999999999989 3.299999999999989 3.299999999999989 0.32070187906058806 100000
6.049999999999979 6.049999999999979 6.049999999999979 0.8847476032258444 100000
6.049999999999979 6.049999999999979 6.049999999999979 0.9043785988175994 100000
2.6499999999999986 3.4999999999999885 2.6499999999999986 1.3962258084881876 100000
8.699999999999982 8.699999999999982 8.699999999999982 8.699999999999982 8.699999999999982 8.415664764113304e-45 100000
7.7499999999999805 7.7499999999999805 7.7499999999999805 7.7499999999999805 7.7499999999999805 4.166690892596004e-15 100000
5.79999999999998 5.79999999999998 5.79999999999998 5.79999999999998 5.79999999999998 0.0005950043366518183 100000
7.499999999999974 7.499999999999974 7.499999999999974 7.499999999999974 7.499999999999974 0.21087670832112101 100000
