3.5499999999999954 1.8036941411395724 100000
1.6000000000000005 2.9824023037730707 100000
5.858733300466177 10.952021962039522 100000
5.15873330046618 24.58776360433366 100000
7.849999999999973 7.849999999999973 0.19062795658266765 100000
5.499999999999981 5.499999999999981 0.47766799377413866 100000
6.3087333004661765 6.099999999999986 3.4547931409534383 100000
3.3087333004661863 2.799999999999998 4.952510971780301 100000
3.349999999999989 3.349999999999989 3.349999999999989 0.013892223704777787 100000
5.89999999999998 5.89999999999998 5.89999999999998 0.31661626343352317 100000
6.0499999999999865 6.0499999999999865 6.0499999999999865 0.8253125561949766 100000
3.599999999999995 3.599999999999995 3.599999999999995 1.6491256107774992 100000
8.099999999999973 8.099999999999973 8.099999999999973 8.099999999999973 8.099999999999973 9.851752720096298e-19 100000
5.79999999999998 5.79999999999998 5.79999999999998 5.79999999999998 5.79999999999998 4.4331328678914984e-11 100000
4.949999999999983 4.949999999999983 4.949999999999983 4.949999999999983 4.949999999999983 0.0027847187044579918 100000
5.4499999999999815 5.4499999999999815 5.4499999999999815 5.4499999999999815 5.4499999999999815 0.07071033606350854 100000
