9.199999999999989 1.6507445610370173 100000
9.199999999999989 2.649632873628684 100000
4.694694759132827 11.209673175390277 100000
1.3446947591328358 18.340538813135996 100000
3.2499999999999893 3.2499999999999893 0.9364851401050909 100000
3.2499999999999893 3.2499999999999893 0.936485162022776 100000
4.249999999999993 4.249999999999993 2.46511817596453 100000
7.599999999999974 4.21349732497199 7.029133255905674 100000
5.149999999999983 5.149999999999983 5.149999999999983 9.169087639302778e-07 100000
6.799999999999977 6.799999999999977 6.799999999999977 2.8013667573896648e-06 100000
1.0499999999999927 1.0499999999999927 1.0499999999999927 0.7307612722178483 100000
4.099999999999986 4.099999999999986 4.099999999999986 1.4929660271191219 100000
7.199999999999975 7.199999999999975 7.199999999999975 7.199999999999975 7.199999999999975 5.36534311334621e-25 100000
7.449999999999974 7.449999999999974 7.449999999999974 7.449999999999974 7.449999999999974 3.0297892999352786e-24 100000
5.149999999999983 5.149999999999983 5.149999999999983 5.149999999999983 5.149999999999983 0.0032556445526052504 100000
2.6499999999999986 2.6499999999999986 2.6499999999999986 2.6499999999999986 2.6499999999999986 0.08287482492396997 100000
