4.399999999999985 1.841235422353671 100000
5.799999999999987 2.7840660347447876 100000
2.5375471042320825 11.570349753611007 100000
2.637547104232082 19.44428126201245 100000
7.599999999999974 7.599999999999974 1.924934347027059e-06 100000
8.849999999999984 8.849999999999984 1.0289977016151557 100000
3.099999999999997 3.599999999999988 2.689534160192136 100000
2.0500000000000007 6.191075079655843 5.7153791018817435 100000
8.199999999999974 8.199999999999974 8.199999999999974 0.00837289822323576 100000
8.199999999999974 8.199999999999974 8.199999999999974 0.00940372459238837 100000
6.8999999999999835 6.8999999999999835 6.8999999999999835 0.8481600824214177 100000
6.8499999999999766 6.8499999999999766 6.8499999999999766 1.2554513357641612 100000
8.899999999999984 8.899999999999984 8.899999999999984 8.899999999999984 8.899999999999984 8.646938967066328e-05 100000
8.899999999999984 8.899999999999984 8.899999999999984 8.899999999999984 8.899999999999984 8.646938967066328e-05 100000
6.199999999999979 6.199999999999979 6.199999999999979 6.199999999999979 6.199999999999979 0.1707599077661462 100000
6.199999999999979 6.199999999999979 6.199999999999979 6.199999999999979 6.199999999999979 0.17077341058655182 100000
