4.899999999999991 2.2857725890876788 100000
5.1999999999999895 4.046234590825357 100000
5.389410225005864 12.323656158914613 100000
5.6394102250058635 24.205035359369237 100000
3.949999999999994 3.949999999999994 0.02264710664064653 100000
7.299999999999975 7.299999999999975 0.6717152405785107 100000
8.74999999999999 8.74999999999999 2.650360648492817 100000
9.149999999999988 8.41247893705366 3.5781423616473953 100000
2.9999999999999973 2.9999999999999973 2.9999999999999973 0.0006119266609936309 100000
4.499999999999992 4.499999999999992 4.499999999999992 0.0037907388913596156 100000
5.449999999999989 5.449999999999989 5.449999999999989 0.5285644455377558 100000
5.4999999999999885 5.4999999999999885 5.4999999999999885 0.606555078776052 100000
2.4499999999999993 2.4499999999999993 2.4499999999999993 2.4499999999999993 2.4499999999999993 8.457654939926301e-12 100000
2.3 2.3 2.3 2.3 2.3 5.83215125877605e-11 100000
5.399999999999989 5.399999999999989 5.399999999999989 5.399999999999989 5.399999999999989 1.437522038438667e-05 100000
6.199999999999986 6.199999999999986 6.199999999999986 6.199999999999986 6.199999999999986 0.013892840063869316 100000
