4.99999999999999 2.676316333747471 100000
3.6909852543377015 4.038548025916524 100000
2.740985254337705 13.160267798820788 100000
3.1409852543377035 22.749675289114005 100000
3.149999999999997 3.149999999999997 1.0978686729856333 100000
3.149999999999997 3.149999999999997 1.3180505921392915 100000
3.5499999999999954 3.5499999999999954 3.2485670837474347 100000
3.049999999999997 3.049999999999997 5.021780148037483 100000
4.049999999999994 4.049999999999994 4.049999999999994 0.2873844323198587 100000
4.049999999999994 4.049999999999994 4.049999999999994 0.2878633842312495 100000
3.5499999999999954 3.5499999999999954 3.5499999999999954 0.9941384885397164 100000
3.599999999999995 3.599999999999995 3.599999999999995 1.0776634473206312 100000
3.699999999999995 3.699999999999995 3.699999999999995 3.699999999999995 3.699999999999995 0.020657558502363043 100000
3.699999999999995 3.699999999999995 3.699999999999995 3.699999999999995 3.699999999999995 0.020659458780449322 100000
3.699999999999995 3.699999999999995 3.699999999999995 3.699999999999995 3.699999999999995 0.02066506271324187 100000
3.699999999999995 3.699999999999995 3.699999999999995 3.699999999999995 3.699999999999995 0.021037187364711916 100000
