2.199999999999993 2.686081661903462 100000
7.349999999999982 1.7633763894797814 100000
1.33645050147206 13.71718197273904 100000
1.4864505014720601 23.531069206754623 100000
2.2999999999999927 2.2999999999999927 0.8924219755450539 100000
2.1499999999999932 2.1499999999999932 1.1133720341953586 100000
6.936450501472043 6.5999999999999845 2.2827841156085853 100000
7.086450501472043 6.649999999999984 3.630323220582512 100000
2.1500000000000004 2.1500000000000004 2.1500000000000004 0.2920970563063029 100000
2.1500000000000004 2.1500000000000004 2.1500000000000004 0.2920970958940742 100000
2.0499999999999936 2.0499999999999936 2.0499999999999936 1.091046666667502 100000
1.8499999999999934 1.8499999999999934 1.8499999999999934 1.9074129572250014 100000
1.9500000000000008 1.9500000000000008 1.9500000000000008 1.9500000000000008 1.9500000000000008 5.897287079215371e-15 100000
2.2 2.2 2.2 2.2 2.2 1.2179228604493845e-12 100000
2.799999999999998 2.799999999999998 2.799999999999998 2.799999999999998 2.799999999999998 0.0040869677020787575 100000
2.0500000000000007 2.0500000000000007 2.0500000000000007 2.0500000000000007 2.0500000000000007 0.05424572498488846 100000
