2.000000000000001 2.481441130026648 100000
1.6500000000000006 2.865083621295542 100000
0.9928757813127576 16.99253673186446 100000
0.9428757813127575 22.63967366145271 100000
4.8999999999999835 4.8999999999999835 0.9011184120209614 100000
5.09999999999999 5.09999999999999 1.7799319184714661 100000
1.1 1.1 2.828709500653992 100000
1.1428757813127577 1.0500000000000003 4.636481518700071 100000
6.099999999999979 6.099999999999979 6.099999999999979 0.033976929663001115 100000
0.8999999999999999 0.8999999999999999 0.8999999999999999 0.9916204845192834 100000
1.0 1.0 1.0 1.531176827855239 100000
1.0500000000000003 1.0500000000000003 1.0500000000000003 2.2633696424042995 100000
1.4999999999999931 1.4999999999999931 1.4999999999999931 1.4999999999999931 1.4999999999999931 0.0023468066364027303 100000
2.0999999999999934 2.0999999999999934 2.0999999999999934 2.0999999999999934 2.0999999999999934 0.001989051743289359 100000
1.9499999999999935 1.9499999999999935 1.9499999999999935 1.9499999999999935 1.9499999999999935 0.002094021456210109 100000
1.7999999999999934 1.7999999999999934 1.7999999999999934 1.7999999999999934 1.7999999999999934 0.0023222229508778 100000
