0.75 1.7952170225801132 100000
3.949999999999987 3.334998320030885 100000
7.328601514360006 14.609186234611386 100000
7.128601514360007 24.290663113592874 100000
4.749999999999984 4.749999999999984 0.5570965673320317 100000
8.499999999999979 8.499999999999979 0.8733488780650085 100000
7.6999999999999735 7.369798053011759 2.8497675427692726 100000
2.6499999999999915 0.7499999999999998 5.000713575516222 100000
5.79999999999998 5.79999999999998 5.79999999999998 0.4542893092249262 100000
5.799999999999987 5.799999999999987 5.799999999999987 0.45438034060731747 100000
7.449999999999974 7.449999999999974 7.449999999999974 0.7476426031924279 100000
6.399999999999978 6.399999999999978 6.399999999999978 1.2079035732829284 100000
0.7499999999999998 0.7499999999999998 0.7499999999999998 0.7499999999999998 0.7499999999999998 1.7531677057463613e-43 100000
0.5999999999999996 0.5999999999999996 0.5999999999999996 0.5999999999999996 0.5999999999999996 7.938119395181092e-36 100000
0.6499999999999999 0.6499999999999999 0.6499999999999999 0.6499999999999999 0.6499999999999999 2.7350692000229095e-08 100000
0.2 0.2 0.2 0.2 0.2 2.0138573752961662e-11 100000
