7.499999999999981 1.8633851642414285 100000
5.013082893739563 3.5981104728059488 100000
4.513082893739564 14.757177961042364 100000
4.563082893739564 26.162390877900783 100000
7.399999999999982 7.399999999999982 0.4606121194035012 100000
7.399999999999982 7.399999999999982 0.4623413112987124 100000
4.149999999999993 8.049999999999972 3.9151681824194484 100000
2.25 4.999999999999983 8.273107924783057 100000
6.5999999999999845 6.5999999999999845 6.5999999999999845 0.009408211717468277 100000
3.5499999999999954 3.5499999999999954 3.5499999999999954 0.01627441358711217 100000
7.6999999999999735 7.6999999999999735 7.6999999999999735 0.7456820596564139 100000
1.1 1.1 1.1 1.2331255184291643 100000
1.2000000000000002 1.2000000000000002 1.2000000000000002 1.2000000000000002 1.2000000000000002 1.5853878131886612e-22 100000
4.799999999999991 4.799999999999991 4.799999999999991 4.799999999999991 4.799999999999991 0.029377796637353747 100000
4.799999999999991 4.799999999999991 4.799999999999991 4.799999999999991 4.799999999999991 0.029386005597007964 100000
4.849999999999984 4.849999999999984 4.849999999999984 4.849999999999984 4.849999999999984 0.029881291592016093 100000
