2.3 1.0077804804096373 100000
4.949999999999983 4.557390152350873 100000
3.949999999999987 12.36140049776856 100000
5.134294027918163 23.847058139566712 100000
5.134294027918163 5.199999999999982 1.7539192176109433 100000
5.134294027918163 5.199999999999982 1.887854166754554 100000
4.8842940279181635 5.299999999999982 3.1159646735324165 100000
5.034294027918163 5.4499999999999815 5.6771229123694935 100000
5.099999999999983 5.099999999999983 5.099999999999983 0.8230486672902287 100000
5.099999999999983 5.099999999999983 5.099999999999983 0.8230486672919216 100000
5.384294027918162 5.549999999999981 5.341945402139199 1.953511205711122 100000
6.099999999999986 6.349999999999978 6.099999999999986 2.321167979095388 100000
9.749999999999996 9.749999999999996 9.749999999999996 9.749999999999996 9.749999999999996 1.137118220287603e-27 100000
9.849999999999998 9.849999999999998 9.849999999999998 9.849999999999998 9.849999999999998 3.550387829564071e-29 100000
6.399999999999978 6.399999999999978 6.399999999999978 6.399999999999978 6.399999999999978 0.026592652716620542 100000
4.0499999999999865 4.0499999999999865 4.0499999999999865 4.0499999999999865 4.0499999999999865 0.0019222630356686126 100000
