1.6000000000000005 2.6120305565775017 100000
1.6500000000000006 4.667446926393167 100000
1.7500000000000007 8.623147694735867 100000
1.8537415388570004 21.33736182614087 100000
1.8000000000000007 1.8000000000000007 0.7745069065503385 100000
6.299999999999986 6.299999999999986 0.7507076276801308 100000
4.499999999999992 4.549999999999985 3.330419983600673 100000
5.999999999999987 9.049999999999986 4.987829463748344 100000
1.6500000000000006 1.6500000000000006 1.6500000000000006 0.6467782562671576 100000
9.099999999999987 9.099999999999987 9.099999999999987 0.17258030964205148 100000
2.0500000000000007 2.0500000000000007 2.0500000000000007 1.3769841503974818 100000
7.149999999999983 7.149999999999983 7.149999999999983 2.0620862033398675 100000
9.049999999999994 9.049999999999994 9.049999999999994 9.049999999999994 9.049999999999994 2.6281302847958163e-15 100000
9.599999999999994 9.599999999999994 9.599999999999994 9.599999999999994 9.599999999999994 5.152807354575217e-22 100000
7.049999999999976 7.049999999999976 7.049999999999976 7.049999999999976 7.049999999999976 0.7298355475712632 100000
7.049999999999976 7.049999999999976 7.049999999999976 7.049999999999976 7.049999999999976 0.7298367186225764 100000
