6.192081092026867 2.9000003523561197 611
6.2120250002105655 2.9926434784394527 1063
6.167203753789023 13.390571536914772 213
6.284136809309627 22.069218551137382 137
4.265973771517932 6.447869793070658 1.0177753970180863 884
4.266043567955406 6.4480150214671 1.0178263267362253 884
6.085435331713501 5.896326527291717 2.367922638519038 1285
5.8104476030249925 5.840193815735364 6.051681040740184 304
3.83441599023878 7.917249938728269 5.288949573868645 1.000000026241223 1124
3.2400360415423792 7.829801036369786 4.925257073781533 1.2212289185376233 24189
5.848910920243328 5.650255434956746 6.16722552243448 1.8235983689818362 861
5.760545191750492 5.694936160210935 6.433578040789279 2.09890512798271 811
5.4881350392732475 7.151893663724195 6.027633760716439 5.448831829968968 4.236547993389047 1.222853637933186e-15 1
5.488135039273599 7.151893663723533 6.027633760716479 5.44883182997162 4.236547993390609 3.4955630847055694e-11 1
5.9357088976200085 5.698055551088999 6.458104833300224 6.612157767321782 4.174640956244082 1.092208609021652 1522
5.93572096105005 5.698026412516883 6.458107969237737 6.612164367406713 4.174609473832466 1.09221997976338 1523
