6.754514396672817 1.467224271100356 2324
7.126237633302461 3.1467519173146687 430
6.4623735849936805 11.131655789499538 807
8.185152255951103 15.565069905241025 308
7.649659772187688 0.2550477603603257 1.5545133553515253e-05 100000
5.212209878531913 1.8386103048502784 1.611868196635944 3858
8.248036989170867 2.5996156685896814 2.03396369415091 1774
6.365620825362729 0.7965605618671133 3.8522358549397877 823
7.71320643266746 0.207519493594015 6.336482349262754 6.390924842297901e-18 1
7.713206432667413 0.20751949359407507 6.336482349262752 7.255653700212913e-13 1
7.694360218028402 0.39943544298196215 4.277622020342672 1.0222354119728188 1298
7.96628295048702 1.063923739409374 8.00644972374413 1.1211807558908018 2191
7.710516184869074 0.20894728487658973 6.333421316774148 7.487160755654356 4.98440367862561 5.983501282014627e-07 100000
7.710516184869074 0.20894728487659112 6.33342131677415 7.487160755654351 4.9844036786256085 5.983501282016953e-07 100000
7.71051583322004 0.20894798093430517 6.333420197537804 7.487160455168827 4.984401559770691 5.98629788555779e-07 100000
7.709018295820264 0.20947683449624918 6.332319975856037 7.487314718306991 4.985364464399292 9.353949222053281e-07 100000
