0.19475334137270564 1.000000109339898 897
0.16128068555859196 1.9977605708901 471
0.8128739955074212 10.759512333999707 129
0.8269477269305554 15.335041994772046 115
1.8026968887671229 0.19475241487811404 1.9996277274184474e-11 1
0.20523155405757573 1.1674313763269977 1.0001343548376995 1112
0.6527774725055439 1.0651507009107903 1.6241767219180154 907
3.534970945547919 2.514607504622294 5.108971242203904 2661
1.8026968887676926 0.19475241487624584 4.632185264983446 8.14606518468842e-15 1
1.1321010015978525 0.8451270641365469 7.130758027352856 1.0073383251028685 5888
3.616763293460362 1.6872770918774898 4.362834166685772 1.0008391942889385 2271
3.78861378255795 1.5249628450307184 4.329719456764754 1.131916879728923 3194
1.8026968887676924 0.19475241487624584 4.6321852649834465 7.249339291921478 4.202036045877275 6.818045191924264e-15 1
1.8026968887676924 0.19475241487624584 4.6321852649834465 7.249339291921478 4.202036045877275 6.818045192151202e-15 1
1.8026968889325683 0.19475241506779975 4.632185265050676 7.249339291879082 4.20203604597668 3.199189922009838e-09 1
3.7690856184555157 1.3511724094734145 3.5439158202123613 6.413936994815402 5.229158434462049 1.0015512229553027 12898
