2.629728319631936 1.002733834954689 824
0.4726697882658309 2.338075166795203 713
0.8495177675504587 7.843077741715313 348
0.5925530039176319 14.909277957768396 118
2.7357170019614143 5.699113512399162 1.7363525131894848 847
2.735228946693419 5.698735552888754 1.7370643596081252 846
0.39075992309110763 6.110822001312811 3.4504051239798827 779
0.3833612598541818 6.000239285924094 5.787658246500519 354
1.5416284238184776 7.400496965142905 2.6331501518645077 2.963324983014629e-10 1
3.1048708351708623 6.711195317824661 4.712691924462556 1.0027514583824935 6419
1.2679301544195392 6.051262684274525 2.9057980254902955 1.0024386277137078 790
1.2744903723577825 6.018586616295804 2.883793592506592 1.0280305374006427 844
1.5416284237967344 7.400496965154042 2.633150151851353 5.337393933802985 0.14574962485420095 1.439377728313786e-13 1
1.541628426879059 7.400496961991645 2.63315015311229 5.337393933023736 0.14574962508939057 5.710358122501206e-08 1
1.5416284268790734 7.400496961991635 2.633150153112312 5.3373939330237405 0.14574962508940922 5.71038948565133e-08 1
1.537189725383529 7.402237381646292 2.635291885377468 5.330597737612372 0.1536619801207489 2.790841069239894e-06 100000
