9.577498714966124 2.1401991647215026 658
7.322073552042771 2.914249065305752 1613
6.990055523808687 10.516762388198487 248
6.69186495195468 17.6200046278042 211
9.726010639149385 4.5344920025685855 1.0000000129287037 16983
9.49184156917057 2.18801484787165 1.0037634745168595 918
9.478701484687997 2.0554518137065583 3.496328010091449 457
7.502330225740432 0.9606973750610133 5.713287958287641 329
7.777024105737221 2.3754122003493103 8.242785326608907 5.0127677361031744e-11 1
8.433271218767873 0.42216790766445667 7.015160083624677 1.3296650575719768 3507
7.928830388334171 0.6469542082314217 6.718249157504113 2.252751645010482 1056
8.372915747897412 3.392029490916456 6.155438881303722 1.4027948233943774 2063
7.777024105738201 2.375412200349123 8.242785326613685 9.657491980429997 9.726011139048934 1.1139850237937286e-18 1
7.777024105738201 2.375412200349123 8.242785326613685 9.657491980429997 9.726011139048934 1.1140833508956811e-18 1
7.777024118693788 2.37541219908296 8.242785318951345 9.65749197452658 9.72601111836386 3.4055416128892735e-07 1
8.44111812610599 3.409484035267469 7.303560662959557 9.551190248384438 9.149220227979374 1.0000620909141582 869
