3.097022760272264 1.000111598432504 1275
5.237042528274204 1.9925352307488648 375
3.169728352823773 12.053934722464263 221
4.742319718070214 19.7059210271204 201
3.0973597614402526 9.576036936292606 0.9999999999995344 8373
7.524188313723213 7.631389959161417 1.0000000257387043 2452
4.279557638683291 7.4092149687297715 2.3918090309141626 490
4.313100655995239 7.475866207471691 4.49494182825766 252
5.139433437726902 7.731650520792966 8.704276857248125 1.8027716499666827e-14 1
7.524187828590461 7.6313900769881196 8.704994552298091 0.9999999999982984 2355
3.8927498483019463 9.05256611211377 7.3078743489268625 1.0001991060983522 2159
4.079126645665025 6.667509450228278 9.349501001645006 1.0357606419848517 947
5.137262240346137 7.731040591120591 8.702469204208366 0.08194286899699367 3.0974636607520107 4.2897116563910505e-07 100000
5.137262239820041 7.731040590932334 8.7024692025706 0.08194286914275768 3.0974636607721475 4.28971331127365e-07 100000
5.137229753294215 7.7310349210651115 8.702474264880403 0.08195052423541835 3.097462633787701 4.3302033725785446e-07 100000
5.137113642140484 7.73101677248903 8.702428275292903 0.0820175137019947 3.097373329852349 4.537921043325935e-07 100000
