5.137569684922039 1.075947233947858 73305
9.176297339478706 1.0000002981489888 715
9.29377741460103 4.362613303660705 517
8.856967789652698 12.23231880382798 196
9.176298541361158 2.6414679911321306 0.9999999999995159 749
8.85678327218528 2.51849042322534 1.4087963223952427 3598
9.136302744207885 2.6366236757007 3.7039406104840777 1169
7.7504185309715075 1.765698145193316 4.337790309506265 977
8.488176972685785 1.7889592492099855 0.5436321430643145 2.3540771663748948e-14 1
8.488176972685785 1.7889592492099855 0.5436321430643145 2.3564305661845528e-14 1
8.501618126750008 3.702566074234583 2.2810576423924283 1.0011650327344082 4348
9.66701375584187 0.7976040671869752 1.866295096263092 1.012262221636605 1251
8.488176972684073 1.7889592492106674 0.543632143065668 3.6153844608808807 2.7540092860639875 2.7004045185865367e-11 1
8.488176973920003 1.788959250703487 0.5436321444627068 3.615384464075369 2.7540092868166397 4.959899272230068e-08 1
8.488176973880755 1.788959250583091 0.543632144724583 3.615384464354804 2.7540092870489032 5.493127506024152e-08 1
6.533218882228921 1.5464753554871806 1.123429805074957 5.674120797555381 1.735269027775209 1.0000571224287145 40840
