3.310303933910199 1.260650710613615 8145
1.0311333852934337 2.5473673174979643 1168
2.2000863298004663 11.811807128715884 235
1.288154970375337 18.064967988902115 263
2.328001633501212 5.02401360114539 7.959492987909364e-05 100000
2.2092394717917863 4.22289861351288 1.1156310721113993 1671
0.6878217760115377 6.588336999832071 3.5401399029710725 627
1.1861841153596597 6.256437996237043 5.812872436164848 404
2.934872252096453 6.966106378986689 4.64264126036175 1.0000000000796345 1260
2.9348723161034522 6.966106378973874 4.642641324333571 1.0000000367667383 1260
3.40233862724068 4.225830166408907 6.701949728699126 1.0000076947961916 1282
2.259278218630733 6.722748585107647 4.334084995262901 1.5548157911038918 4096
2.934872217275314 6.966106498821301 4.642641268556342 2.1506208217028977 4.468262224467879 1.0000000318263933 10458
2.9348722172774915 6.966106498821096 4.642641268558935 2.150620821703689 4.4682622244627765 1.00000003182759 10458
2.9348791708508704 6.966103241405751 4.642637960194999 2.1506183248646216 4.468264816119459 1.0000026078733013 10458
2.910123390406392 6.971254110140259 4.641523156080461 2.142811202322863 4.465222215782493 1.0120747992337333 8192
