1.2971085648342122 1.3649216084416245 2095
3.5843623012028165 1.1230145957942188 1824
1.0580006348627105 10.99235852170149 202
0.9818466700932956 19.616360337289212 121
0.39066313752371523 3.5780729364227843 1.0000218988964416 42639
2.978334308480357 5.616420478882334 1.0024333726748844 635
5.218382043847624 5.42335613233223 3.1515472686294372 1097
2.753841812497268 5.654169728703974 3.1623620525929703 909
2.9510320589050996 5.306475006632217 1.9132511527458873 6.545188586040822e-07 100000
0.552439668974148 7.180392185761056 2.9232259015523874 1.0000187453158909 99196
1.4738575647652623 4.40498122423174 2.257165623686769 1.1023376896753072 1518
4.64204843310551 5.688608639509325 1.8571280352079858 1.788063756665786 1076
2.9466500268710973 5.305867556052942 1.9152078694749486 0.6790035819129137 7.869854599999133 2.4024035234052442e-21 1
2.946650026799416 5.305867556130156 1.9152078694363717 0.6790035821120944 7.8698546000524745 2.6410737343015445e-09 1
4.002238459723294 5.684852829565049 1.8604132176054777 0.1371606031001498 5.927890248047319 1.0000006064934723 1936
1.3936250409965918 6.018904944018458 1.3924189187991387 0.996503783398797 7.005319662238407 1.000126401970701 1172
