8.43983851874583 2.2947703651401676 678
6.767952372058279 2.5335924949120576 743
6.997296391130368 11.61604787421257 267
7.498957794438248 22.110756878897732 344
8.514050267602151 7.505255751726804 1.0037710352413174 58887
7.000634644565245 3.5199932772782794 1.0022643845534858 887
8.09942321641129 7.390947661030621 3.6478775905556087 947
6.864442720736588 5.848753571957678 4.309787321379063 3151
6.503742407304748 5.054533742542571 8.786014708729764 1.4307606961484387e-07 1
6.666003417233034 2.1131215056302923 8.075263512280548 0.9999999999986373 31109
6.708873690842729 2.111605341722743 8.114609788519543 1.0321020897585895 27288
5.238192206208994 6.899457476002748 8.9364405014278 2.236019629489864 727
6.509906122873452 5.053948062698712 8.781629417223098 1.819012760904484 8.521394297928168 1.0680847637632543e-06 100000
6.509906122873452 5.053948062698712 8.781629417223098 1.819012760904484 8.521394297928168 1.0680847637632543e-06 100000
4.936312013475971 5.419932922318535 7.299372725476737 0.2014947945693639 9.565947420000661 1.0002977871206329 15539
5.738555385975914 5.88394200705921 9.820352913918708 0.9922389412182064 9.382437357657226 1.0004982560452322 1083
