1.3444315026777651 2.0688446115891224 819
2.0677671339207366 2.8943883816452844 1043
1.3309611874503338 10.338551667570995 274
1.4352029650629348 18.904854503538665 178
2.1592322294175417 5.490274763948281 1.000000042345515 2686
1.5793519047855946 5.269270783116948 2.4376116567514132 1160
1.230868004265365 6.916485160273006 1.9621062704974688 936
3.148234912229374 6.721877325434314 5.269476516593107 620
0.9753360174989621 7.612497166701491 2.469379731645316 5.476001817663009e-10 1
0.6478719659087991 6.898585000768282 5.5216750759594015 1.0000012460739138 53030
2.719845897016051 8.781582966141515 1.6387739117213433 1.0183353487528894 1716
2.89334698361848 8.905560893279276 1.960082011934039 2.301588280821982 886
0.9753360175246029 7.612497166694629 2.469379731739161 1.3813168747875784 3.3144656326539836 1.2706801461747143e-09 1
0.9753360175245932 7.612497166694609 2.4693797317392514 1.3813168747877018 3.314465632653988 1.2721639739177356e-09 1
0.983360871625628 8.586357549881374 1.1010550428813481 1.165928525937336 4.250027869283738 1.0000010188311264 1090
1.556121798227728 8.41370524445216 1.631178714269216 0.5799539854715859 2.1657736812211406 1.0047370909435471 1147
