0.9627847772533856 2.184475860572629 1418
3.6970284696644513 3.3898928335915373 454
2.9369444516297016 9.461966259320974 838
3.6884057335986493 17.61927406813677 319
4.135448873788938 6.483395799473914 1.1630238996769355 2674
4.0859198795642095 5.632630955941944 2.1427840555054534 643
4.053491977312368 5.660223115358641 3.505504595038192 433
4.01251748603734 5.6541852241356985 3.5983021153042967 512
2.0445232692868425 8.78117379086612 0.27387583293341244 0.9999999999990659 5798
2.0445232692872835 8.781173790865791 0.2738758329333562 0.9999999999990659 5798
2.4289329382295937 8.332042224805672 0.6577482839567448 1.231037127630136 13104
4.917230401150227 5.990682825126912 0.15653487924326545 1.0073066116615932 835
4.17022004702574 7.203244934421581 0.0011437481734488668 3.0233257263183977 1.4675589081711304 1.306251958164871e-17 1
4.173370879025691 7.222460389487831 0.031099139232185737 3.021839975121846 1.4658516722503736 5.824566849027294e-06 100000
4.170597128062959 7.261248204949847 0.061374215475090886 2.9956723522686315 1.4638655211568743 1.8153311565416516e-05 100000
4.1705969253730535 7.261248801577844 0.06137506547986333 2.9956726602184105 1.4638660994989001 1.8153585828670622e-05 100000
