8.690711793236446 2.6683845045305583 704
6.8496993363724155 2.192938878242314 836
7.664637919967343 12.101923264132834 508
7.591633696335327 23.49749860063903 449
8.91530652328269 8.158374980517898 0.9999999999993624 57083
8.39013506161678 8.651487704451167 1.7819454629716567 1237
7.996253669123506 8.420984663426976 3.7137077595616956 715
6.64165115849563 9.243878768804047 4.957353999531312 419
7.830035295784521 8.503276591989435 7.752449416611169 0.9999999999994289 2003
7.830035252823032 8.503275384215192 7.752448930650463 1.000000337419025 2003
4.586727052036886 7.659121541899365 9.61825320570532 1.053257210840451 1375
4.86822188439206 7.955138664803426 9.699360073077868 1.647344487777719 1450
5.8813080107727425 8.97713727909418 8.91530729474708 8.15837477307684 0.3588958561685329 4.633672837144199e-19 1
5.8813080107727425 8.97713727909418 8.91530729474708 8.15837477307684 0.3588958561685329 4.633672838450675e-19 1
5.53551941691402 7.871440132860651 8.246696792100261 8.192128659056086 0.5648560479366902 1.0000050921649 763
5.535519962259773 7.871431694787535 8.24669327742242 8.192124951651362 0.564864345419676 1.0000106938284141 763
