0.4256364319014422 2.0219917932723233 394
0.5389981221670223 2.9825515034079135 276
2.944758872995581 10.802955513795535 279
2.9830378016689467 20.325441676313726 379
2.0592272664037754 0.5077331526822279 1.000000000002443 13211
1.5341999325885445 1.4276686112757846 1.1729163343835518 3436
1.5884848009858605 1.6922898349618194 2.1518008666942823 592
1.7267597212195926 3.630922719203467 4.1882297812036535 699
1.3324049019255781 1.7812469964144966 4.959296267115691 1.0000000006586758 5505
1.3332409523711997 1.7841348550657772 4.954254197288578 1.002357746491919 5505
0.5360007712799657 0.8215944310427808 5.965518854391127 1.0620083485162763 2671
0.3908712482873411 3.441917202696393 8.108635561577284 1.013610386819093 754
0.4872488080913235 2.8910965978984935 7.209663468310889 0.21616249916657462 2.0592276526837185 1.2350340819857915e-10 1
0.4872488080913235 2.8910965978984935 7.209663468310889 0.21616249916657462 2.0592276526837185 1.2350340819858967e-10 1
0.48724880820564603 2.891096597793117 7.209663468433995 0.21616249949567312 2.059227652851758 4.9179272631450875e-09 1
0.48724880820564614 2.891096597793117 7.209663468433995 0.21616249949567332 2.0592276528517584 4.917930989142045e-09 1
