1.884396589531303 1.079412255024501 1266
2.5020372976371803 2.9284227789111696 738
1.3241112407450317 10.323371108169612 264
1.724612962166945 18.987949248815404 159
1.7107430099519016 3.3898558565980705 1.000543803223522 829
1.7107459067188893 3.389805843201875 1.0005587513936458 829
1.3723668157331292 4.855981582118355 2.1339350544238087 539
0.5568655001101461 5.630361187964347 2.5726514210737186 1704
2.7053281406450513 6.910412855783662 2.2040457865000125 0.9999999999992615 22012
2.705328145014013 6.910412862734298 2.2040457797344066 1.0000000005632925 22028
1.6004215967766218 5.4108940556955005 2.5890859726714104 2.0600881840630914 749
1.3867394029437843 4.999912140775914 2.375872884640922 2.4805908644451082 1223
2.0846053735671366 4.816810617642212 4.2053803531860385 8.59181998520117 1.7116155361186636 5.378003297012311e-10 1
2.0846053735671366 4.816810617642212 4.2053803531860385 8.59181998520117 1.7116155361186636 5.378003297012311e-10 1
2.0846053736209833 4.816810617664947 4.205380353154855 8.591819985157363 1.7116155361371916 1.7374707538675791e-09 1
2.0969631196858893 4.816536830161096 4.168689715165233 8.545169086155441 1.6862865565073863 1.3232620187632542e-05 100000
