7.27346950187039 1.717243365624502 875
3.6441843315706284 2.3827577442351 1362
5.808798509090855 9.12753458400777 402
4.6707583568523185 19.796346734893216 176
5.1729788282679285 9.469626029172758 1.7211474513744232e-07 1
5.895818019915766 9.784268802822975 1.0000000182792643 706
5.604360126298307 9.518117648031934 2.4257373976126524 1282
5.868772582525514 9.561382805484048 3.386885174638389 404
5.172978838465893 9.46962603814814 7.654597593969069 2.3831946282495146e-20 1
5.171765109415637 9.469077630848648 7.652203951902563 3.591932108061472e-07 100000
4.773942841893222 9.246190406512767 8.789425548623946 1.1892693647649122 3214
5.019181776395443 8.205005628179217 7.775625258159825 1.54618822746873 1546
5.172978838465893 9.46962603814814 7.654597593969069 2.8239584396711273 2.2104536326165256 6.084185044881691e-19 1
5.1789782935022455 9.455016791573946 7.64535970773368 2.8471606211802496 2.2068467679709842 4.705960421251761e-06 100000
3.9794464881242675 8.497844635236355 8.387384643708137 2.8538042880320607 3.388582162226526 1.000000928585345 1265
3.981862789757543 8.491774108569373 8.387497812527974 2.856895164955044 3.3878620422248376 1.0029702648102876 1272
