9.995242133657644 1.001290020271242 690
9.979763380538357 2.0008233989470234 356
8.949170150463233 11.28624211390084 207
8.871313141435019 20.20595111469805 137
9.600444393304757 6.992266928801618 3.7662207292290316e-07 100000
6.718179673536371 5.6171144109587186 1.0001005888949432 57752
7.757773962215639 5.1296515925272566 2.965379223849178 946
6.18539627955265 3.349659994272287 5.574016830526844 1674
9.600173033359185 6.995120499495761 9.99867292623879 1.2842270630163492e-14 1
9.70427552828797 8.93567044393155 9.424258927484976 1.000000004224722 1194
8.478016928492309 6.230013342372495 8.499694505282752 1.0596074395745367 1454
8.47677634220881 6.408765090721644 8.722708641034156 1.9308197162791916 2307
9.600173033359185 6.99512049949576 9.998672926238791 2.2006729978285176 3.61056353964058 1.433499059911946e-16 1
9.600173033359185 6.99512049949576 9.998672926238791 2.2006729978285176 3.61056353964058 1.4334994167038934e-16 1
9.60017303335916 6.995120499495718 9.998672926238775 2.200672997828505 3.610563539640581 5.436504387215111e-13 1
8.521889366636136 6.812675384822751 9.550706732963327 2.4636690394318297 1.3858767305433244 1.0004072373556863 3633
