5.6888873602828385 1.065390544317252 15122
4.029488946648479 4.1188994214874395 1011
4.933126195644657 15.273959363657127 446
7.246240977358644 19.8986480529712 642
6.496153148389178 4.182423640640922 1.1718077710105184 4725
5.770342895536513 3.9273660798924706 1.2427317289386797 4530
6.851407179746588 4.671970376875224 4.678807427682867 359
6.880142615387358 4.611453793949379 5.785425453566329 367
8.694124584114792 5.817237860870091 2.798986021710886 2.019901308940393e-06 100000
7.023843369602449 4.29308609444266 4.967390097863865 1.349956605413218 8486
7.862593833553827 4.844310934310774 3.0741861742259644 1.065198177984263 1102
7.771513041926794 4.798805545716224 3.097279553407166 1.1089741457305242 1558
8.701241366272118 5.822769286725597 2.7883894070106905 1.8591123209017923 4.111001279251132 8.02186087558699e-26 1
8.701241366277715 5.8227692866028224 2.7883894071106483 1.8591123208601854 4.11100127934984 2.140084923704952e-09 1
8.489661827910101 3.194355246340226 3.1960012989071522 2.603206231009662 4.24990446776611 1.0000098118311675 9146
8.489218868353776 3.1945317372827224 3.195907745996668 2.603049154736931 4.249909095724665 1.000186446614305 8880
