1.8792704908306503 1.0000169192927215 787
2.0230636325807514 3.561348082265891 283
2.5873573179047433 10.326226477661649 167
2.701925938778839 20.080842637943014 122
2.246253299446691 5.175091599910532 1.5624952239871086 860
2.252305290363618 5.168189634080331 1.5698849970211308 875
1.864697872864822 5.266010229948608 3.092843877675566 930
1.3179397099048016 5.383352936270559 6.768428964171611 522
2.6950527299695426 4.961920313467496 7.391217011076019 1.0000004648879535 668
2.8230017826246545 5.481582251678166 7.448735129529776 1.4970112170614824 917
4.128302137460758 5.787310424200363 8.153913664149254 1.9535870846049403 1562
4.2562893428067134 6.086952661861183 8.07695463388512 2.1958499876096753 2092
3.0793495262497084 5.193914793053008 7.682976615379734 7.892207361708597 8.705620624758234 2.3127601619508955e-18 1
3.0793495262497084 5.193914793053008 7.682976615379734 7.892207361708597 8.705620624758234 2.3127773002884637e-18 1
2.271163349545001 5.139522855149997 6.95102846769018 8.776826867491003 8.070191980849362 1.0000000112714016 824
2.2666814773466912 5.142764155437991 6.950482567107821 8.774207846267007 8.0773282417995 1.003919207400238 823
