3.83382287256535 1.0000041621746871 682
3.714468478757717 1.0591792577268315 1018
3.473045108603487 6.770335620117601 1541
5.068954313482237 14.71548085655234 417
3.8338121484056287 9.794564218118124 1.000001199467481 914
3.7335258299518697 8.010846122323494 1.035666860040895 787
2.39872965590528 6.9748837613532135 2.1788715617388035 1585
4.111004587560402 9.57979652015717 3.9022558638996516 417
6.631432398247514 8.868014373693402 8.580126711788617 0.999999999999179 8959
2.2065634813013126 7.255726973849193 8.494348549313461 1.0000009699232795 3581
6.270934863292084 6.9622234573886725 8.85465564599302 1.7019587856260883 2635
4.547866289450627 8.668565610357415 8.362291281919795 1.8445816568719242 922
4.257214105189875 8.145837404945613 7.353972901996824 8.68003199879736 3.8338077287258105 9.945435578323445e-12 1
4.257214104981639 8.145837404855225 7.353972902112624 8.680031998859192 3.8338077290838215 5.087260279394551e-09 1
4.25721410498037 8.14583740485309 7.353972902112933 8.68003199885957 3.833807729083737 5.12609180014373e-09 1
3.6541156226205187 7.797424358580098 6.4472889266767766 9.271547683259602 2.374186603854913 1.000000003592238 1085
