7.79222988122433 1.0089534921492795 763
9.37209276845847 2.353640398180822 1173
9.130922377131347 9.879305624561074 973
8.216493121028877 21.990267145078615 208
7.813081568447773 5.109930291520151 1.0000000000086224 702
7.813080256341264 5.109930303166149 1.000000344442015 702
7.699223609859353 5.387430748352209 2.7489314983833606 732
7.930234087637768 5.521718032588695 6.3310083557932195 273
7.394054901890897 5.468276755967528 1.2719450840100206 5.169435161877249e-05 100000
7.390885954650919 5.470048359932678 1.2728149507565572 5.0969056123593375e-05 100000
6.592394257654311 6.478958704966415 0.29650578596077726 2.0152879273145263 579
6.573106251399143 6.481120408708401 0.30343212636967565 2.0384212385222336 798
7.290137423303864 5.612396022704091 1.2496709201808636 3.9759236869965253 7.813082062155214 1.0707028797104304e-08 1
7.290137423248116 5.612396028706025 1.2496709193905038 3.9759236877518265 7.813082063066533 8.68917142004912e-08 1
7.2901374263056455 5.61239602855014 1.2496709301672857 3.9759236746187434 7.813082046441497 4.09737742789726e-07 1
7.2901374263748275 5.612396028969354 1.249670930437701 3.9759236746139823 7.813082046234149 4.195984238277375e-07 1
