7.614130800567589 1.0079599601305347 803
7.583890330933862 4.280615160779513 255
7.688003357813544 13.779914450306693 238
7.630025032898369 20.415168813080648 331
8.637599855681394 2.8490596523470524 8.155470558838453e-10 1
6.106687860880625 2.55921367247144 1.0000226320332317 3845
7.979844566145627 4.324535534639259 2.587104798933387 525
8.042610672372813 4.470570445881592 3.3829603755509257 2434
8.637599855700707 2.849059652276472 0.7325638808379303 6.0770357538692614e-12 1
8.637599855700705 2.8490596522765395 0.7325638808379209 6.720810794460308e-12 1
9.315767283025064 4.627460207966035 1.958723361549863 1.4387638180292548 5263
9.327382262098896 4.03124379345468 1.5866460153362965 1.6079802598635253 5808
8.637599855700829 2.849059652276268 0.7325638808373602 7.6323720433028495 4.527190575994114 5.024504398162484e-18 1
8.637599855700826 2.8490596522762606 0.7325638808373744 7.632372043302837 4.527190575994141 3.1827471854109006e-13 1
8.63759985554942 2.849059652328994 0.7325638809102242 7.632372043318745 4.527190575965474 2.0065827026351807e-09 1
8.63759985537676 2.849059652445812 0.7325638811839301 7.632372043476047 4.5271905760078885 9.643821243586786e-09 1
