4.194602985132688 2.6105040864466553 525
3.0826752981760195 3.6160809277705463 769
5.038615431947195 16.035249746785084 139
4.571763103715673 24.82086334798025 294
3.762084840912316 3.0738609238590286 1.2623519797151024 14407
5.051597132534841 0.6545387903681222 1.0006970273519795 709
3.7826824051082233 0.46410841756533516 4.548239632601521 492
3.74384548854141 0.5296539819388 4.704694634288807 558
4.359949021419846 0.25926231839134845 5.496624778724573 1.4252443676974461e-09 1
4.6778746045740425 2.0174324764770186 6.404065211429104 1.0000005264658316 1168
4.673696103219398 2.014361767010253 6.407717751383457 1.0037984001912106 1155
4.69116451546899 2.246678087969043 6.658451992443924 1.94927101741807 1090
3.3033493041084836 2.046485115669053 6.192708639113849 2.9965464309588663 2.668272765765442 1.0000003999306633 26461
4.67785130264376 2.0174317793305723 6.404063154685423 4.830666910293919 5.052326199625188 1.0000169936741976 1637
5.82136300291217 0.26392034959348815 6.620980960226232 3.8797948228054464 4.971125768247501 1.0046729703853676 1215
3.9191185245141225 0.5241243999228202 6.633410048042219 3.674255940123045 5.512629534606205 1.0271399004916146 1145
