6.62973329592999 1.0005181303289052 643
6.219262300385771 1.7346302495824453 596
5.497564737675409 9.27873937592626 457
5.756109570651626 17.66498995666477 281
5.8581234254190075 4.063198116808258 1.0015109854058286 697
5.858128456242448 4.06325940618125 1.0015296150171793 697
5.533066032132544 4.126638399644565 2.4583885280598667 499
5.505404601412041 3.9041010617955414 3.010707016285142 872
6.4330144569664585 3.795099260032534 6.6244078110556295 2.824684315537918e-06 100000
9.162468218990504 2.841062097708596 5.579076714664974 1.607791739311194 4947
3.3868130266444716 2.6697357621579503 7.04188788078659 2.2846273946329747 1294
3.312879292525514 2.794888050288963 7.069672134101621 2.630054395164892 1145
6.441435359501509 3.807484924177613 6.630479055343989 1.6365072506166984 9.626078132022176 3.9280255512504083e-07 1
6.441435359501509 3.807484924177613 6.630479055343989 1.6365072506166984 9.626078132022176 3.928025551256289e-07 1
6.447656003674864 3.80208212738152 6.639438634562983 1.645016721918293 9.622719274973845 2.8352582074283644e-06 100000
6.447656011280454 3.8020821406436 6.639438667658371 1.6450167184766582 9.622719238226507 2.8352638228241144e-06 100000
