1.725412918909778 1.7616286869756164 584
1.0134357554549653 4.019579615242738 339
2.6660305025254063 12.234231511780855 294
3.8529981564452283 25.61520494726736 134
2.8605382165939193 9.58105566515677 4.6515266467048244e-10 1
2.975672393455571 9.436309531221015 1.0000000009626848 620
3.35426078529882 9.454915364115847 3.724521124379848 287
3.3855156659853236 9.413317533223047 5.0855599058974255 277
2.860538216605156 9.58105566519 7.703129322188779 3.3151680740288473e-34 1
2.860538216605262 9.581055665189862 7.703129322184284 4.615584554339527e-11 1
3.8966431892978637 7.9298089132407705 8.642755181787138 1.7197275528599034 868
4.323118498717681 9.459701977151799 7.666820770976139 1.498458810542867 1668
2.860538216605156 9.58105566519 7.703129322188779 9.868700030924629 2.081654619047212 1.0055145228692338e-31 1
2.8620246058542294 9.579146358128494 7.705624133215157 9.859121989447733 2.09221552908647 2.138020257146407e-06 100000
2.8624962205681492 9.578199147056091 7.7060837198957435 9.857979532991319 2.0931435705139245 2.407446564918086e-06 100000
2.8768842141180593 9.570638801756395 7.707264774801517 9.853959181365292 2.0894288202096973 5.0850795084425404e-06 100000
