7.82827408186963 1.7587273648431831 861
9.181336207244414 2.2490810765099614 758
5.291172180301406 11.547614864761904 1040
5.431320611883761 22.144904391243834 554
8.494290689764718 3.811896515902079 3.002545809393891e-05 100000
6.5673335343842565 4.590442904792473 1.088075362460623 1846
9.597547580173359 5.1169097851735525 2.0366481954247737 1570
6.91449554619566 3.3625090154183384 4.365821392056992 1484
6.62752625598498 4.417134360251626 5.514877792807168 1.000000044017543 1282
6.627526422839934 4.417133352786363 5.514878722361675 1.0000004024747229 1282
6.252439002768859 4.221528430611807 4.795039825502687 1.5309472039671679 2769
6.2469132327453565 4.237266405342736 4.804223586333781 1.5395587629943175 2730
8.588892672930397 3.7271115497527996 5.551287779985968 9.556565489917677 7.366695980112238 3.9302389421003953e-16 1
8.588892672930397 3.7271115497527996 5.551287779985968 9.556565489917677 7.366695980112238 3.930239084670026e-16 1
8.588892671935536 3.7271115508072095 5.551287779904494 9.556565489105939 7.3666959804336045 2.0496580603826862e-08 1
8.595991622822973 3.781767191318922 5.556698224244415 9.515100922163706 7.3066429402850055 2.279763085896132e-05 100000
