2.294781855424428 1.7750589380849566 670
2.2687996637995522 1.7892340427842233 744
3.6419022472414118 11.500912871262162 393
3.948899138948131 24.698240228119808 127
4.109418862351557 2.6030068999059317 1.0000041847405385 3279
4.013637793787495 4.45301837422605 1.0290961020405494 863
3.848276251921849 4.207571136301243 2.788680701926229 2952
3.8694317658340704 4.1386416427789285 6.830573621453737 318
0.7955761898393253 3.5140745224060224 1.6363523242198275 0.9999999999992807 59877
0.7956364038312896 3.514171752842965 1.6363446044738355 1.000035773286924 47598
2.8979256147867183 3.4710677172265605 1.148287165785056 1.6632666588298988 12479
3.4193422651605903 3.6374914281995463 4.079077070169187 1.072223502829812 875
2.4851012743772993 4.499754210507954 4.109408029965408 2.602996908868999 8.703956883469495 2.2587115539207346e-24 1
0.7903037118209398 5.559143367173308 1.657945640324457 2.9523781662636086 8.4060849744817 0.9999999999992326 76037
0.7903038862311862 5.559143228472123 1.6579456339159222 2.9523783620593296 8.40608497483038 1.000000072290332 76020
0.7903038877260643 5.559143227392571 1.657945635835197 2.95237836175698 8.406084974574654 1.0000000724089708 76039
