0.5329726115993887 1.7123390866857602 536
0.46182446278477274 2.7449500035960184 439
1.702207557825455 10.195002490399704 321
1.4363667908175957 20.168737827012613 207
0.5317799550186681 6.405729933256795 1.6998953643336736 642
0.5321040974768502 6.40592246937356 1.700077422008649 641
0.6521510896308447 6.55756174738291 3.153954510614995 501
0.6142643504382598 8.860093713405284 4.764452439901119 620
0.38561680881409655 7.801004605246749 0.9270375533413333 9.737249435402872e-20 1
0.38741096716625784 7.795912615393597 0.9288473163065154 7.748541565761115e-07 100000
0.13203688423592097 7.7556318461847775 0.5105161656316649 1.0351531482355572 713
0.15795400638608556 7.7053601726679695 0.5071161017089774 1.0575848891415445 778
0.8119065904889259 9.172674313667592 1.5693440055658519 4.441475593198479 2.1210596672355737 0.9999999999985187 61188
0.8119065904889259 9.172674313667592 1.5693440055658519 4.441475593198479 2.1210596672355737 0.9999999999985187 61188
0.8114294645958497 9.173049642699995 1.568552835145864 4.44035345278401 2.1191439111033525 1.0009145830183233 59168
0.8114294924640397 9.17304961580744 1.5685528599504686 4.4403535061263435 2.119143906882817 1.0009145830217576 67635
