2.6703021945567382 2.802216107434562 495
2.704331095362409 3.7960421189036038 346
2.5863075110008507 13.335751590020713 211
5.787775425803377 18.889773058240614 380
6.268156339381509 2.764369975465224 1.0019908891272697 941
8.085940705774922 1.0201945371688346 1.9684068664139907 2088
3.2958301494964917 2.6744638700185575 2.678121507052949 744
3.3046038549972434 2.7155620755159497 3.937999896125563 641
4.580549482267126 3.083496069643725 2.314870450366582 3.3897889205792343e-10 1
5.158178776115811 3.9423815551445935 0.698893663552164 1.000117627572366 1069
3.50077821060174 1.606312401052276 1.971665182828714 1.0003364638239653 1121
3.3963273185467417 2.792109180058978 1.7653102920556991 1.2219114339031973 2142
4.580549482240905 3.0834960696491165 2.314870450355623 2.7742455175612593 8.172348119026699 2.3377699905217865e-18 1
4.580549482240905 3.0834960696491165 2.314870450355623 2.7742455175612593 8.172348119026699 2.337770008001573e-18 1
6.789054734813891 3.1152483914703475 1.2029141509502703 1.5496968543278924 7.661579977682926 1.0008169702627767 10467
6.789054921654565 3.1152484878919897 1.2029141792513913 1.5496982568271311 7.661575842511332 1.0008181541003998 11112
