8.492003261082067 1.1878606180682674 4143
6.1830878841547054 1.9890540073507343 506
4.1194919232585265 11.98236555362869 567
2.1373981565242337 26.808736249629487 494
8.075010997263798 3.629984571113552 1.0009764729429427 3428
8.07478843544382 3.6298424630307116 1.0010624330713223 3428
6.906445131418763 6.350295057645971 3.022292248577781 882
6.140434552677965 5.602940953002269 6.82167619928931 381
7.285071915957256 6.016142123702133 9.521806674060137 4.327973498224443e-23 1
7.285071915957256 6.016142123702133 9.521806674060137 4.9375025008576025e-20 1
7.88571069974158 4.5865332347215455 9.413978628941667 1.8739661503829654 890
7.884072653186807 4.592314303151433 9.413405829316178 1.8792492958052196 896
7.285071915957256 6.016142123702133 9.521806674060137 1.4317344772103047 8.073591298701647 4.483611381272029e-20 1
7.285071915957256 6.016142123702133 9.521806674060137 1.4317344772103047 8.073591298701647 2.4283855385554966e-17 1
7.285071916328158 6.016142123309033 9.521806673580526 1.4317344778239272 8.07359129782904 1.5183233088163983e-08 1
7.2850719166231555 6.016142123265091 9.521806673238668 1.4317344779070327 8.073591297533886 2.14840208761455e-08 1
