6.170504251573207 2.6160476185165935 4331
7.253323934311651 3.823187669752719 581
7.1953089229609635 11.389781133078076 651
9.105208324505664 17.086970364194194 139
7.844004591151646 6.3013448734577056 1.042543479368726 1882
7.777946293594422 6.293429451001853 1.0660167213493212 2162
9.717794562454143 5.838785833381418 2.042199932259542 457
9.628737550042045 5.735172937881863 3.7938145888118235 473
9.444966028573068 4.640981743044076 1.9279502895715763 3.3304553440906975e-15 1
9.438615068662651 4.631670974543444 1.9340193748199888 1.8426987788265298e-06 100000
8.379681093595412 6.746692015202507 1.729554486549186 1.0003168904710664 2263
7.658964997556053 6.009895919490058 2.8726491562339027 1.4632333224615783 2533
9.444966028573068 4.640981743044076 1.9279502895715763 5.8189487687999195 6.200842101736272 4.324538770082513e-15 1
9.444966027769395 4.640981744225251 1.9279502884072648 5.818948770302717 6.200842100293493 3.352312256849268e-08 1
9.44496602772191 4.64098174421472 1.9279502883815665 5.818948770417192 6.200842100307629 3.5778228505740355e-08 1
9.594779740768256 2.7550564528463637 1.8848875093417017 6.795012623120017 4.082269042874195 1.000003188075876 27103
