6.443149669278386 2.5717575160310844 1097
2.574949605383652 2.886090741533713 551
4.780202121794631 11.014892933407735 281
4.779446308622741 23.138142895694823 393
3.8654135677057733 8.57897466446161 3.914787804164154e-06 100000
4.932601212183151 8.361074318833603 1.9718221645558156 521
4.334116695655476 6.678947095437565 5.5584843506927255 523
4.415701541265235 6.80545354033545 7.3972753205842245 550
3.847731195422728 8.597078465927417 9.441996357001697 1.2942288393450121e-08 1
5.081900968670921 8.26111450056468 9.600174828336296 1.025182855733033 848
5.084124286347046 8.260904952052034 9.599665634616906 1.0260138391692109 852
6.583529945583463 8.877077153555003 9.089561697746497 1.6920069632331578 2590
3.847731195167438 8.59707846590619 9.441996358074201 7.028248936107294 6.336340971714068 9.486112972038436e-15 1
3.8477311951673943 8.59707846590618 9.441996358074197 7.028248936107281 6.336340971714007 7.432431963144693e-13 1
2.0176755865215608 6.783190023111515 9.364818566779244 7.336778672476926 6.307405175180513 1.0000000008103826 4529
2.017675686038538 6.783190558219938 9.364818136823702 7.336778181554673 6.307405573585894 1.0000002422444756 4527
