5.649002643465193 1.7335598374069088 552
5.199027950205768 3.3089066935904463 632
5.901255542501413 11.939641899500062 301
5.843378297716386 19.237989988838798 550
6.407470765241823 9.264891954109414 1.039173971013925 1017
6.157873057229415 8.944637769788649 1.7482155488761326 662
5.857729680237688 8.618636203750398 3.5361247012504244 891
6.640206509615646 8.309064146282713 6.265807818223289 277
5.4692334638269875 7.976735800811881 8.203001127832282 4.774605892012247e-07 100000
4.854064816357682 8.442751778532498 6.024912661997754 1.000000803630738 1966
5.526122481577037 8.858035863605847 8.758738442644002 1.1396721233074163 1549
5.5249532817189895 8.8583262572392 8.758790357492574 1.1399541234858455 1554
5.468891561455722 7.9789902128272425 8.204018798984618 1.2204986683043895 6.020020067916196 4.0635483282966433e-11 1
6.525571858538983 6.713475786803735 8.189452247473694 0.1355877749994984 8.47844679361624 0.9999999999997229 59709
5.413083041353694 8.955661661248959 8.86499191004556 0.1363679907578946 8.68845187122542 1.0011438920444948 34090
5.412751056872501 8.955597541678875 8.865024084349455 0.13663013189962964 8.68849563853692 1.0012998402131577 31857
