5.137092289057668 1.028962788327454 854
4.709992536142015 1.8098021230501287 673
2.8424164508250076 13.715605874756669 439
6.6162002344763575 22.119636927274232 166
5.164337317223081 6.82043194817081 0.0003295478498002337 100000
6.762534693656775 5.9084629997721 1.0000548384919445 931
6.8438955030545 5.6280178191806876 4.314302769231785 781
6.929679094361386 8.578794185980131 4.23156076087946 504
5.507979025745755 7.081478226181048 2.9090473891294435 1.3019959590640443e-15 1
5.446490443656487 7.8031461323671945 3.063634912797992 1.000000114069452 678
5.419307614848093 7.92985286430365 2.733152828825184 1.1765776703600421 2494
5.378681735021172 7.896301294463325 2.3962510779646164 2.119955965830839 834
5.507979025748381 7.081478226176451 2.909047389128655 5.108276051975224 8.929469543477044 5.7212873404869405e-11 1
5.50797902574838 7.08147822617645 2.9090473891286543 5.108276051975223 8.929469543477042 5.723219827320137e-11 1
5.5079790255949055 7.081478226174626 2.909047388926042 5.108276053653398 8.929469543282838 2.322297763763468e-08 1
4.559542356078563 8.735010253065708 3.6278470782883216 7.3803890820791755 9.940617054852906 1.0000359272917683 84735
