3.0423191926032747 2.092024460864706 554
7.381299922413571 2.68584521366836 2041
6.597155909469891 11.433468725972201 729
4.803524174543392 19.68827453180863 182
4.503556572550892 3.0391849964316386 1.0000306607205485 3536
4.499237176465728 1.266183590221969 1.037237943098643 870
4.685277731032268 2.1423528582764253 3.9092803081804077 2660
4.488671226201685 2.803775875364546 7.007638024995608 363
4.076870280802861 0.553660401118601 7.885348774867527 2.2337687117334428e-15 1
4.076870280802861 0.5536604011186013 7.885348774867527 4.561782083318398e-15 1
4.931480681730329 1.3307130234718056 8.763131232081346 1.000072171546231 813
2.485476419735242 0.734968314585715 5.398909909010433 1.523279997930668 4122
4.076870280802861 0.5536604011186008 7.885348774867527 2.873051847893459 4.503505869672711 6.1170123452576365e-21 1
4.076870280802861 0.5536604011186008 7.885348774867527 2.873051847893459 4.503505869672711 6.473289209922874e-21 1
4.931664595326229 1.3308685092653876 8.763021056524076 1.1271444299588145 5.2426283032185745 1.0000555944420733 2368
4.931664601480318 1.3308685208252056 8.76302104927603 1.1271444349039752 5.242628302948259 1.0000555998166503 2368
