0.6531978081576905 2.687253581838172 446
0.816886420036696 2.936531882135404 614
3.216236959170077 14.158956550271773 203
3.292712823328571 23.519384497675592 211
3.322597569830725 2.830336789983327 1.0000003912283604 3356
4.856660895532117 0.6911216229337164 1.0232048644358682 2006
0.7672290855676441 2.203356355313062 3.6604435259608783 726
2.3486071048727006 2.9139332509566525 5.671046840985379 2252
0.4354357509360816 1.1652766605551734 6.03802140011438 1.0005164115136267 1957
0.43556384786943997 1.1653103165566043 6.037126357852932 1.0008338748047854 1958
1.1709143071906394 0.5813405752065604 6.929503468074051 1.1331916056972176 1645
1.1812651008105117 0.5782068319242702 6.941927253263227 1.1390325122051375 1669
2.5092362374494015 0.46095820672611754 6.768162411105584 0.4346948564475206 1.1642370316653128 6.432470636401487e-23 1
2.5092362374494015 0.46095820672611754 6.768162411105584 0.4346948564475206 1.1642370316653128 6.432470808258444e-23 1
2.509236250362708 0.46095820556305506 6.768162406797858 0.43469485603035557 1.164237036623468 1.8463562052951228e-07 1
1.63282898899799 2.343458716392664 7.619521872608942 0.7529311294410145 0.24750060393991513 1.000000010282464 2776
