1.5600660490871079 1.99999997400408 857
1.0459405791524077 2.834656986649614 1335
1.695746779780802 12.454666094891277 265
1.196446248089796 21.864600194019474 233
3.4987162170461135 9.369840342348299 0.00014867033663551864 100000
3.4986283764401733 9.369680591673449 0.00014880513723735465 100000
4.773151120893784 7.794679189708052 1.1199021680045806 1700
3.6615816219013086 9.661406892131863 1.0290110548110836 788
3.717714562555633 9.499746861524946 7.308488884151743 4.904714044650573e-06 100000
3.7177145625781614 9.499746861466697 7.308488883967014 4.9047140649174705e-06 100000
1.59222141517595 9.267998258516798 8.059988566657825 1.0212994755964504 1798
5.781013111515472 9.175626096895268 7.254709377640194 1.1761522340272272 3893
3.745401188473597 9.507143064099163 7.319939418114059 5.986584841970336 1.5601864044243672 3.9292332203888537e-13 1
3.745401188473597 9.507143064099163 7.319939418114059 5.986584841970336 1.5601864044243672 3.9292332204252503e-13 1
3.745563667523951 9.455163663817244 7.303787542578115 5.976166636984582 1.5529119155809703 1.0816845542633398e-05 100000
5.56927372925224 9.360084093607027 6.958569993337162 5.700115573075599 0.9735396699340817 1.0012195816150324 1111
