2.571873291080866 1.8018555571049661 1572
3.264548736413781 2.1383952308440133 2243
2.8621587974056033 9.570477029951808 606
2.5642972574110154 19.51665764582548 179
0.29022763370497234 7.337519005063425 1.0000296253070244 842
0.5294635877956395 7.885984284995592 1.4007397092064542 1748
0.400821885208656 5.608245735419309 2.9924450017540143 498
0.6184384893182174 5.494750307163037 4.143474694219184 725
2.210289643995119 4.049895086783862 3.160964167365833 0.9999999999994235 19462
2.2100518850316333 4.050047396312929 3.1611398058068065 1.000110076383363 19312
2.6893487223638637 6.2121235987590655 2.751729549153778 1.5962230057157738 1155
2.619926655534448 6.1582807181673 2.6081879409380684 1.7870818185578166 2454
1.1505456638977896 6.090665392794814 1.3339096418598828 2.4058961996534878 3.271390558111398 3.309815555200329e-17 1
1.1505456638977896 6.090665392794814 1.3339096418598828 2.4058961996534878 3.271390558111398 3.3098155591668726e-17 1
1.0842339083199743 5.942055623386255 1.6268889582105897 2.367378459875802 2.9281895386756633 0.0004435389280016967 100000
1.0874573639733673 5.926859034940065 1.6375122644348092 2.3736705452110014 2.9077535552436413 0.0005119710439407062 100000
