6.7667598450128335 1.2647478789173143 5513
7.01857949217368 2.2765967663977755 721
8.746370184615005 10.117874627092863 279
8.735014176739007 18.87666673229849 143
7.454828580075778 3.6087650371015707 1.0038406532853847 7070
6.415662753466512 1.7793360868630503 1.7546093874571778 846
8.701352160368103 1.2259733964231918 3.218498735215962 399
7.036116740865539 1.575945543434222 5.021544645627918 999
8.348421486656491 1.0479610436986997 7.4464048167951775 4.295413910068753e-14 1
6.46399745362971 2.1383080983366805 6.368302358783122 1.0000389264215979 2670
6.446618995329766 2.1825904737211905 6.336642325849896 1.045539527087543 2584
7.4582582616688375 2.191219722190644 7.954647793598573 1.6363280489025789 1093
8.348421486656495 1.0479610436986984 7.4464048167951775 3.6050083625628564 3.593108378080719 1.1378634129056689e-14 1
8.348421486656495 1.0479610436986984 7.4464048167951775 3.6050083625628564 3.593108378080719 1.1386569392863365e-14 1
8.272541846757905 1.2448781921963108 7.495906994047127 3.665647955054046 3.5579697491928397 7.922966738919254e-05 100000
9.565010743591206 2.875135521224553 8.41045089833975 2.7259182871998866 3.132385108813793 1.0000699137272075 4503
