9.890115134395646 4.09942024891549e-09 1
8.54867087556147 1.0055760400598492 845
8.394366303836293 7.382274724019808 348
8.746766494458598 14.928770157828005 514
8.561821032133354 6.5010237882221436 1.0000000018756472 902
9.893699476668491 4.7572783448787215 1.0250384265488293 938
9.494137735692282 6.995140079213599 5.312098141694368 259
9.415649297640565 6.770348264004936 6.201293712145069 331
9.890369490600039 5.483668652136126 2.8645727087754835 8.97983675821807e-06 100000
9.890369490599644 5.48366865213555 2.8645727087760005 8.97983675833867e-06 100000
8.036844721245654 4.445332036884687 0.8988283690974479 1.1125015889482992 5833
9.84169790486313 5.337519912892087 3.5309188629394384 1.0077155088575533 681
9.890115134756002 5.495447268447254 2.8144730195506282 0.772895660791727 4.4446949597180305 2.528282042521736e-25 1
9.890115134756002 5.495447268447254 2.8144730195506282 0.772895660791727 4.4446949597180305 2.530416369715947e-25 1
7.992815767393284 4.081702330347038 3.040185121010525 1.8634619175758087 3.5889464626419554 1.0000260769436384 8338
9.011641294356643 6.269757357604222 2.549402002113073 1.882070582291984 3.2744937960826532 1.0020732561671366 1165
