6.989260731555871 1.37132711485589 2204
4.621819758867451 2.9313834667856176 2227
9.108200427364583 7.02952278472594 387
6.43420071297981 16.05639677326304 465
9.127222490676115 4.550039759459612 0.999999999999594 1619
8.899024684287957 3.893366733544325 1.2334653173060668 12380
7.139814544925338 4.978313735935626 2.796873411561074 795
6.823817148916154 5.4828338849047125 3.6027817938314666 761
7.83651981510798 6.347640990879966 2.4895305994907817 2.76622156547949e-07 100000
7.8364972894826534 6.347640520908859 2.489518270291749 2.7957579229542185e-07 100000
6.143309635269154 5.587898034349223 3.3107208056797077 1.0496512417646513 1332
7.241994620420995 5.900525207309508 3.262420481583695 1.4103365579082274 1819
7.838323508057506 6.348337060527301 2.490430915157489 7.580758646498177 3.130769356316798 3.7779817306043586e-19 1
7.838323508057506 6.348337060527301 2.490430915157489 7.580758646498177 3.130769356316798 3.7779817306043904e-19 1
7.018497301095654 7.250336152771434 5.15693011475753 6.5906838336529 3.105099255601486 1.0000325571665112 44364
7.018497301217963 7.250336152728845 5.1569301145534 6.590683833748014 3.105099255615985 1.0000325571901831 44364
