3.514691118668085 1.0000037630213288 2364
2.925405416238399 2.61710518738166 838
2.7567681464174485 12.223649885386115 243
2.9424514501503647 18.59506983559808 272
1.1348847189364952 9.744830944364566 2.1995142324850507e-17 1
1.8549408390048636 9.171935921409569 0.9999999999998843 725
2.1965312290235697 9.191653220854269 1.8258487227681408 601
2.3546424534790957 8.72070326680229 5.095959611854437 502
1.1433210677592172 9.735370141640555 7.289858669852813 1.8617180560972366e-06 100000
1.1433210677592172 9.735370141640555 7.289858669852813 1.8617180560972366e-06 100000
0.5903902302367154 8.802031957853552 7.837563453241131 1.000052082811011 759
1.1361977831905115 8.62985085609685 8.112335647440654 2.3782515028157767 2652
1.1348847189364952 9.744830944364566 7.287346335011062 3.5146780589270143 7.07605138259081 2.475165335612753e-38 1
1.1348847189364952 9.744830944364566 7.287346335011062 3.5146780589270143 7.07605138259081 5.793739600105117e-21 1
1.1348847189369622 9.744830944364455 7.287346335010501 3.5146780589271907 7.076051382590255 9.9916537621367e-12 1
1.1348847199276548 9.744830943721368 7.287346334526151 3.5146780597501084 7.076051383206323 2.819781517280453e-08 1
