3.026147656694927 2.921004799827145 3500
3.236189279853891 3.928464464644279 669
1.568167444904083 10.195974547236831 347
1.062212134496417 17.400439811952975 164
0.1749027093115263 8.915732671802584 4.407425136103671e-19 1
0.17490270938933403 8.915732671773155 9.127023224212511e-10 1
1.4564487990454111 7.768932199488107 2.966953950406259 552
1.4891475439932356 7.905047771341618 4.442714799951935 509
3.011249778801002 7.911503732157309 3.264668481101098 1.0139866781351556 28346
3.0153656951417522 7.9068824034861125 3.2571224514201775 1.0181204949941436 28342
3.09060122995298 7.957227578986996 3.4028307198573495 2.0519447341399006 1188
3.3709204853892567 8.035726366071298 3.348029008534984 2.9650025330640104 1226
0.1749027093115263 8.915732671802584 2.848611674739183 2.989763774589579 7.920342606554294 6.548866418715057e-17 1
0.1749027093115263 8.915732671802584 2.848611674739183 2.989763774589579 7.920342606554294 6.548866418715266e-17 1
0.17490271750539071 8.91573266941137 2.8486116764362377 2.9897637791031664 7.920342602618018 1.3326607960003628e-07 1
0.17490271986913253 8.915732670316368 2.8486116734997022 2.9897637799317103 7.920342604399585 1.8639713073629326e-07 1
