2.4707344264914606 1.0000361387958983 698
2.287519489139419 1.9340473863864054 412
3.022159184508151 9.369066225671173 267
2.91928276955712 15.215210643939823 163
5.469678837662196 2.104273564006762 1.0000120523459228 3168
2.899615740804111 3.121151289655343 1.0004794277230864 687
3.5689715223678697 3.802205362220317 2.5772212837771233 742
3.89165833127704 3.2069331346471377 6.238438720637727 484
5.469657988710853 2.104238481058218 7.69754519978931 0.999999999999055 19647
3.5503034907097035 4.204468026817561 9.058482574472766 1.0031506593613049 984
3.3042909638070475 1.655039021462657 8.807413430981175 1.093154882276748 1210
2.89324251787233 1.137150196544917 9.108792128569688 1.9206467362504862 1153
3.009644558559146 2.4706183196181444 9.263351350591757 8.91603438277764 6.83276759974987 8.066869545286541e-23 1
3.009644558559146 2.4706183196181444 9.263351350591757 8.91603438277764 6.83276759974987 8.067244399291779e-23 1
3.00964455855921 2.4706183196182048 9.263351350591714 8.916034382777582 6.832767599749852 1.0975967989314178e-12 1
2.2589869674034464 4.738959564797969 9.147921674955828 9.719440700520716 5.975685141312745 1.00000000000105 5864
