9.721957693246454 1.0018386908619181 586
9.718585339002468 2.0244873922623627 329
9.283592840932217 7.816381250999598 209
8.693475518745297 16.476741952716758 175
9.726843567741478 7.148158991110034 0.9999999999991709 892
9.726600225896485 7.148754850059767 1.000221492490102 893
8.839568080079525 4.033349990867001 3.469122684044519 364
9.441637498468621 7.226593815803804 4.195124774273621 516
9.670298390136766 5.4723224917572235 9.726843599648843 2.4726725212489643e-29 1
9.489773139585365 7.863058908887043 8.662893408802052 0.9999999999989266 5012
8.060590421072696 4.883719506441131 9.265597735061444 1.1074562272894741 1532
7.604849388825126 3.4954303110046694 9.065028428930797 1.8773725057347197 1276
9.670298390136766 5.4723224917572235 9.726843599648843 7.148159936743647 6.977288245972709 1.349213716298882e-23 1
9.670298390136766 5.4723224917572235 9.726843599648843 7.148159936743647 6.977288245972709 1.0248136600698253e-17 1
9.668079692067495 5.471252125922699 9.723919348070181 7.144479480933865 6.981408032494656 9.232960461167821e-07 100000
9.668056282983704 5.471250466564828 9.723917657693962 7.144485485185221 6.981425362247773 9.268896487098997e-07 100000
