3.4047964359926786 2.3733635310605257 2216
3.5018162762051093 4.934058080416267 339
3.671313754340097 12.295319631621268 176
4.362701152686455 19.982228790860713 472
3.01007652204534 3.7404733290119214 1.546763651432489 1324
3.0132210590424173 3.7414048314036683 1.5482759173658807 1330
4.888780348497442 2.3073494967362276 1.4065774076927215 2114
4.661138750246127 0.9205254370874767 4.858217763537654 411
3.100094164420049 3.4654116108132333 3.517647821519103 0.9999999999992278 2432
3.1000946119022976 3.4654116616976345 3.517648033951731 1.0000001242290384 2681
6.103808123569817 0.38785654509883705 3.449617741007937 1.7224786512013452 1231
6.123471464196343 0.3990990477869033 3.4407849700346262 1.733027739604459 1392
4.946016455380215 2.280831044493362 2.5547392375721136 3.963299097227769 3.77315097691124 5.493076444943599e-22 1
4.946016455380215 2.280831044493362 2.5547392375721136 3.963299097227769 3.77315097691124 1.2577879335179506e-19 1
5.676587456445848 3.529731545614187 3.7506650262080714 3.6509721072102366 3.0902910100029946 1.000000668834728 1186
5.676587478544087 3.5297315242621226 3.750665024770348 3.650972122557345 3.090291064976936 1.0000006963485433 1186
