6.44010643375375 1.000210050424338 668
5.904898600964586 2.118016411244978 859
6.62238286866096 9.595509577204815 324
6.474134236945545 21.274452770221348 121
6.757314155010987 0.44712182215597346 1.4280058918538023e-09 1
6.464815444874541 2.503439846290818 1.0031136832829801 1283
4.442589764284816 0.8381646746219038 2.672314009118725 750
4.237950564377316 0.8922940242315816 5.458130596204307 462
6.465632743926994 2.497447466374746 4.100276958091024 1.0011391090365627 1473
6.467659316094466 2.4983589626298555 4.099361560316291 1.0020407762739747 1471
6.817046859614865 2.286294385204856 4.281492177203951 1.8158576440903689 895
6.805659614481781 2.179402118903296 4.186646936151161 2.7293197232075537 586
6.7659647402043746 0.450693203089812 3.4344490297764687 6.4384891341066295 2.848566643647264 1.65217005886208e-06 100000
6.765964740204373 0.4506932030898259 3.434449029776491 6.438489134106632 2.8485666436472683 1.652170058864345e-06 100000
6.7659724412519715 0.4506951486959786 3.4344309807089384 6.438479194409719 2.8485926759335825 1.6576583656278141e-06 100000
6.803696166794083 1.9939979863341952 4.003392318148012 4.728781365358039 3.616763217044585 1.0001991081159436 3271
