6.192765514117694 1.9998539354734626 642
9.705376430905527 1.9805651976675334 458
7.68063782714537 12.471021322952845 184
7.609077821663897 22.172113963369394 130
8.23110340709798 0.26117981569886345 1.9205969993004063e-12 1
8.230787092985203 0.263263898423178 2.685196427403687e-07 100000
8.932862300777877 0.23661915063848343 1.670045311889051 1399
7.92812763282583 1.054715623384957 3.320767968328935 865
8.231103407078482 0.26117981570552606 2.107706399351811 4.747859372521031e-10 1
8.231103407078482 0.26117981570552606 2.107706399351811 4.74785939634649e-10 1
9.004967575145711 1.2198076791460517 1.587455827503603 1.0114973567183105 929
7.882302710656091 0.685396782651507 1.389696026371738 1.4037140859035637 1973
8.231103407097919 0.2611798156986733 2.1077063993129395 6.184217693496103 0.9828446533689916 8.28671237513525e-24 1
8.231103407097919 0.26117981569867343 2.1077063993129395 6.184217693496103 0.9828446533689917 3.863756822550256e-15 1
7.078512845404594 2.0792866714715816 2.6376192198185695 8.190875587119221 1.8552160752096625 1.0000025805408483 48565
7.062532326421737 2.1417807029965683 2.641539785513488 8.233163333723354 1.787224978677741 1.0503192428870587 46665
