5.432450735354975 3.28074242364416 3230
8.264207702177128 1.0040590629895367 670
8.564378148640706 7.2272653513037595 262
8.478247839001423 19.13265354708511 122
5.837485199433991 5.324007725656124 1.0167242117466093 5030
5.722412380009711 5.513757868901626 1.9861499699673972 3353
8.691088979754834 6.759509560722684 4.163746195389175 390
8.680434639575758 6.439268680460917 4.951967600692063 441
8.274562850138983 2.6454232589932127 4.7837905126148375 0.9999999999985283 24263
8.274562101629826 2.6454239718578023 4.783790828436397 1.000000266938158 23674
8.582630441443033 5.6892086183234305 4.393563756712646 1.002937361248493 632
8.593228746575585 5.681926500933435 4.4579618585785 1.033549104488826 714
8.466624072101258 5.611655402650418 4.548754024057471 3.5217491369196465 5.85851384134833 1.3238412553431502e-12 1
8.466624072101258 5.611655402650418 4.548754024057471 3.5217491369196465 5.85851384134833 1.3238412553435109e-12 1
8.460715906846739 5.623316438578302 4.554286074600805 3.5259294178686313 5.855246228677602 2.294035336041367e-06 100000
9.600448537318252 5.512250005297151 4.050473946508441 2.5137823849163405 3.2090014581986708 1.0000000036240242 43775
