3.794434090014227 1.142272650399147 1897
3.8875086410829356 2.138979456331974 545
4.472362064631219 9.124033572794348 216
4.232814826565302 16.135692731142825 167
3.9073354504960567 4.052489298637994 1.0039351169303228 698
3.834237772092227 3.879188488504557 1.0901744310434243 1183
2.6855762614954464 4.2738425178311905 3.405643299299655 1059
6.139989719002107 4.033988879408797 5.914198840262531 736
4.2018296712720105 3.6323949696606985 1.848766877691238 1.7471261247490365e-09 1
1.7198623335600904 1.7538538677856301 1.6382749244899029 1.0000037061021063 52114
3.940268329878118 4.681996483028121 2.746043219284351 1.081383092430869 1363
4.511296287584589 2.9755672896496166 1.8089221930207522 2.102885344813063 625
4.201829671407738 3.632394969650856 1.8487668776145172 5.182827281674762 0.08605452008769289 1.2962406514489357e-15 1
4.201829671407738 3.632394969650856 1.8487668776145172 5.182827281674762 0.08605452008769289 1.308478863430686e-15 1
4.202962403271697 3.756217152828874 2.0110727463690314 5.390192756621235 0.32347457383632544 0.0002289439398309049 100000
4.115522046620927 3.5866710268639266 2.2408179032613287 4.946706348983759 0.2751612967682045 0.0004656846965235505 100000
