2.652231369491232 1.9185647586903902 555
0.6971289445224459 2.809810142657218 350
0.45750844366761534 6.413151420337168 158
2.9562034098963426 23.01533543627352 150
0.7988819462490347 7.714383221427376 1.8410249522386657 669
0.7691633237795958 7.657173186646066 1.9056311918235609 742
0.8550702732742925 7.758237193244981 2.8696808325087164 1184
0.8300097846787928 7.703538428661676 4.359105960484783 647
0.9310828667183904 9.7165591998954 4.83859980463784 3.3074264815247396e-11 1
3.5237417031246445 8.671296991819618 3.9716039447324523 1.0010957061487153 18371
3.5838268682785914 8.610440035042812 6.513799408324432 1.696579421114294 13138
2.329203747947111 9.69644004644642 2.5459132308977344 1.1099552074512828 5301
0.9310828667185805 9.716559199897874 4.83859980463646 2.4252270149806407 5.311238298072532 1.4465000202021082e-14 1
0.9310828667196984 9.716559199897594 4.838599804635237 2.4252270149806368 5.311238298074546 2.6610800367699456e-11 1
0.931082865781939 9.716559189654289 4.8385998005491615 2.4252270135595504 5.311238307793731 1.879105384566689e-07 1
0.9310828656693017 9.716559189712633 4.838599800934033 2.4252270142172447 5.311238309043678 2.0536000418153618e-07 1
