7.43531349413636 1.228132006696965 15788
8.375041554934908 1.8652728015907771 692
7.5356152027099315 10.647031831185128 279
7.381194145192844 18.7421645548114 200
8.772298984811654 3.915897713599417 1.0003507438429664 768
8.601933555886832 3.1677416001818757 1.3278493736787085 3817
9.188728697964045 2.676477719021929 3.7470244151486702 681
9.02369209030214 3.0223818803514977 5.385421208781382 995
8.34217802874302 0.9621168868906305 6.475450913322158 0.9999999999990098 11174
8.342178028743017 0.9621168868906305 6.475450913322157 0.9999999999990098 11174
9.77696015369837 2.9196916176550225 5.868948221831899 1.1633426953217907 2719
9.554362286747955 2.8261761266559606 6.007330664042135 1.4011220512280342 1680
9.841918505425767 3.3341226601465337 6.737016246691375 1.9639041721452455 3.544464646410236 1.623138448702753e-24 1
9.674628640715353 2.823137991670901 8.263006193379086 3.7215677125994246 4.689813964248353 0.9999999999990283 5524
9.674605541931676 2.823140688792327 8.263016007814228 3.7215629887113373 4.689821978408141 1.0000100067789437 5480
9.674605537416788 2.823140707805017 8.263016014619312 3.7215629729856743 4.6898219682337 1.0000100133982244 5495
