3.0187943197788543 1.8999348839392174 1450
1.0104493625159057 1.117692795916173 2359
0.7452254911609169 10.842615477274151 110
1.2596032888775694 15.13103252683235 308
1.0221818042919337 2.3416570033103814 4.004947819245476e-05 100000
2.153303183422628 4.47350355952938 1.0057093520163647 3444
1.256512929301278 2.6400289720604335 2.2243200341690024 589
1.3538877764140513 2.6667814462225663 3.323900383366096 416
0.8734964296741324 2.3047709964967416 4.110610706780227 1.4598059849281616e-08 1
0.8293784554347792 2.8090457653188246 4.291417217987055 1.000000429555738 658
0.8301521572423763 2.8096120874225536 4.291098422965557 1.0004663144438126 658
0.7756158479094056 2.6929752317980102 4.243603951299709 1.0971501418377616 1011
0.8734964290217506 2.30477099551728 4.110610706389127 3.10782698560087 5.659558907615056 5.145539587854178e-23 1
0.8293774122502003 2.8090452783442785 4.291416984510018 0.19730494022625783 4.616679506351826 0.9999999999973779 55117
0.8293774124662289 2.809045279366733 4.291416984575788 0.19730493656058626 4.616679504157599 1.0000000002483174 55120
1.5658912454430371 3.7156467050486204 2.6091076234264814 3.114356499074149 4.798039207047039 1.0001209634350936 2772
