4.984362976723502 2.396387859002524 626
3.5255752171885844 2.964320495219355 907
3.384750618838849 11.754772515790307 242
3.354935986239575 19.28593721302053 176
3.0893239085839705 3.748338331404751 1.0004858939744794 729
3.0093454830315696 3.7164533543771063 1.046923886509639 929
3.2867367622933448 3.892903980313697 1.9011371461066349 1479
3.031233243366276 4.262893734694328 3.7708981902703322 575
2.992640609655402 6.525545628608782 2.964752422911681 1.003417207893852 17429
2.7872834552876693 5.745176280650817 5.540432426883532 1.0021790167207123 871
3.728710119258664 3.6834374179511187 4.296259217166786 1.0569680714043086 1088
3.6631082230920127 3.688640991909431 4.331333729552234 1.0895092386927816 1293
3.6510558302254164 4.512059158938099 4.960603487673224 0.7562206659503629 5.7176158232860335 1.1703856129863418e-10 1
3.651055830325209 4.51205915879778 4.960603487679839 0.7562206661464026 5.717615823153477 3.436220650442282e-09 1
3.0866119504962146 3.497322078690954 5.027569919518102 0.8038725630731804 4.921673273088719 1.0000443172360516 778
3.086571802539938 3.4972911632411168 5.027602149412683 0.8039258266465689 4.921683173028756 1.0001121939254867 778
