8.668612240239614 1.000183492386235 703
8.638166880257312 1.0129307455928667 791
8.985801998421806 6.573160965449326 288
8.81670045328658 16.33595839103306 211
8.669140256892229 0.8415774466422429 1.000003740400113 727
8.667736409116038 0.8528169406806139 1.0047871019751535 747
8.665092848633888 0.8653341830610954 1.009598444872044 795
8.684736696689162 3.0039981913232148 5.363005469268168 404
9.240351155744253 1.5787058053479197 8.669150768157973 1.2269123775356322e-22 1
9.240351155744253 1.5787058053479197 8.669150768157973 1.382873069609928e-17 1
9.18802556603803 3.1018118300292805 6.779089596485722 1.7262440396238496 2342
9.071005281575284 2.9207857193863185 6.812926333012367 1.8441154205746573 3019
9.240351155744253 1.5787058053479197 8.669150768157973 0.841569408614582 5.735736839376276 4.413332749237189e-24 1
9.240351155744253 1.5787058053479197 8.669150768157973 0.841569408614582 5.735736839376276 4.413771662430295e-24 1
9.239584796617057 1.579871076516893 8.667253223039104 0.842462696481049 5.735368040662661 3.327513441696553e-07 100000
9.239345173979011 1.5798945613955007 8.667286038981565 0.8427157670430194 5.735367720485234 3.76060407029257e-07 100000
