2.0682061565982566 1.0003590756154301 630
2.033223322572321 2.6150490092461207 554
2.378023739413351 11.561486571003053 160
2.4469514642846293 16.745055314867592 994
2.0563889103003445 9.170658604495978 1.0082907452917786 694
2.0563889103011497 9.170658604495328 1.0082907452919714 694
1.9199536522350658 9.298289442355125 1.9302829021220251 703
3.883374408338739 8.420173571717827 3.749456007494579 899
2.2199317109005787 8.707323061745866 2.067191553399725 3.0555746275522223e-10 1
2.2199317109005787 8.707323061745866 2.067191553399725 3.0555826952607134e-10 1
1.1163577765433788 8.436905465277016 3.4628242039724952 1.001124881345473 966
1.3995851608423002 8.151595645792062 2.1484249370387993 1.1124845388075026 1259
2.2199317108973955 8.70732306177376 2.0671915533942644 9.186109079379214 4.8841118879482925 2.979299636667985e-14 1
2.2406185077467167 8.716578926062423 2.083258664746802 9.177342853543344 4.888963584173362 4.663369135255663e-06 100000
0.0038298916049084525 8.455178270087762 1.6113247294565716 7.392508113919253 5.829107756199064 0.999999999999494 34382
0.003829992557263224 8.455178252933491 1.6113251463919496 7.392508180129962 5.829107934044269 1.0000001166331844 34381
