3.544672222296923 1.8037188739431484 806
3.6479122655680647 2.7989277044460197 458
2.19459814903692 9.733852498488403 969
5.179285253820449 24.58906205746896 271
1.711348977959176 1.2297828056273448 1.0036164315175244 826
2.630169640535546 1.9900550323758492 1.1494810881280095 1943
4.610568650103982 2.9643334664870697 2.8798378143095436 1086
4.049912462469431 2.528534405632018 5.588790228146454 787
5.0031924796694796 2.8659630379678864 2.2058061121383914 1.0000895048145075 2833
5.003192479669782 2.8659630379685037 2.2058061121392627 1.000089504814736 2833
1.8778262353822397 1.5801544490609447 2.106130362992503 1.0184926227020459 955
4.663404418555384 2.1518576012178716 4.213180665451557 2.1158747507342066 1126
5.003297599377474 2.866204682725306 2.205848942166455 5.020856095081219 6.360625131881641 0.9999999999986453 31017
1.9401723874485115 0.11585621212579736 4.468726328525716 6.519373165766448 7.113163183590524 1.0000000000141795 10940
1.9401723982195953 0.11585622590586758 4.4687263331491405 6.519373174126756 7.113163200343071 1.0000000075636297 10943
2.295538743237264 2.8068115577049526 1.9850538803040767 5.307758345079918 6.360887394301011 1.0033708833048982 1859
