9.211265454004284 1.65087369413857 720
9.223471969391365 2.6507418343566838 383
9.024804539311903 7.617657706687379 213
8.847045848387749 16.95031529184572 129
9.649263901923245 0.03545601319435932 1.0000000000091152 1801
6.89706850737495 0.6083168047178382 1.822394969875199 576
7.350384590878793 4.128286031591429 3.1986784596740234 1432
9.157343823792072 1.0686397287954248 2.782941170081619 565
8.244694759133298 1.8134973249742963 8.773267682067122 4.2308017157046624e-11 1
8.24469475920019 1.8134973251898054 8.773267682083883 2.5855226078538748e-09 1
6.588440520777976 3.427044143855613 8.220357238411173 1.0015339853653336 2308
8.749923210290783 0.5754838000591795 8.614387761594797 1.0050142245556228 788
8.244694759132818 1.8134973249719977 8.773267682070525 4.995513073466392 9.649264332226785 4.628172477302695e-16 1
8.244694759132818 1.8134973249719977 8.773267682070525 4.995513073466392 9.649264332226785 4.628172477302695e-16 1
8.24469475919782 1.8134973250446758 8.773267681921833 4.9955130735549 9.649264332229109 2.225121209074303e-09 1
8.244694759259588 1.8134973250875002 8.773267681745155 4.9955130734402875 9.64926433211663 5.495547191829644e-09 1
