4.415159342209629 1.8413840514241355 4839
2.584467412665643 2.881348527060527 607
2.5567403553251995 11.571416344858282 301
2.645110548186483 19.44442790054126 320
0.3375471042323347 4.891075079656411 6.078899905232126e-12 1
0.33754710423619005 4.8910750796493385 1.0831220937649385e-10 1
0.24445719153727435 4.725760940657131 1.041521465918916 865
2.0225129636686234 6.1786078772134205 5.717959732455045 397
0.3375471042359981 4.891075079652882 8.460850972810034 5.195670458997154e-11 1
0.17576730891072861 4.668601375415857 9.100663368294436 1.0000000004521474 680
0.2917521845141418 4.70387780130054 9.137162041941028 1.099395969605173 756
1.5315633155819848 6.019323136853792 9.147239241964483 2.234097488160191 950
0.33754710423208323 4.891075079655847 8.460850972808828 4.114019998097744 6.314153737307647 2.509949044473823e-19 1
0.3373081618736564 4.890746477456577 8.461795989974409 4.109457769206628 6.311158320236513 7.546870837312952e-07 100000
0.33730816241587325 4.890746475887975 8.461795990123013 4.109457768136453 6.3111583200825825 7.546872750789702e-07 100000
0.33778065040784533 4.889452930104023 8.461773210026022 4.109905806116838 6.311688710394537 9.466194348385709e-07 100000
