4.918047583641471 2.2862049610076056 526
5.224118454677242 4.048018483669648 229
5.38238859353332 12.323817640088686 206
5.641832260553563 24.205078461111576 91
5.482661201871777 2.257888109010004 1.0000000084085396 907
5.484339938843573 2.2404133955345253 1.0076777290984889 952
5.561797281926457 2.7401912056832263 1.7198797905297547 840
6.735372221930751 4.03862269479445 4.720293522258506 479
4.53845042140241 5.6943988230542955 0.05272162354020001 0.9999999999991273 1233
4.538437927875895 5.694410008445558 0.05272249382621 1.000004798218639 1233
6.191265954252741 3.430043800468417 1.8696374308413315 1.0074899953253669 883
6.0426910781744825 3.932922517265427 2.058622827443449 1.598950347476289 1064
5.53941022500585 3.9624789370536297 0.48126772580090005 5.256725610928534 1.5303858181189232 1.3458515800409752e-12 1
4.588640187403115 6.024088155345469 1.1023414906095435 4.016625114574657 2.6186719414106974 1.000000000493444 14458
6.782446779534642 4.01971424085813 0.2658175656425804 3.9610166871697894 3.494013520406615 1.0000343421382702 5671
6.7824467900837 4.01971424037158 0.2658175636914998 3.9610166775155937 3.4940135356672686 1.0000343421702915 5674
