5.020824074044865 2.6765148526091345 1470
3.691630367619585 4.038548167982276 1685
2.7264932326940126 13.16060949134428 529
3.1164042367622953 22.75215186024948 189
5.496170028088636 4.097311811442354 1.8083053314675748 1841
5.492733028718169 4.090155546770335 1.810937832302303 1993
4.880659357658494 3.359169988212491 3.9356148397668105 1284
5.005393330127074 3.8818687318437433 6.285870857382208 741
3.9622216859581227 7.187494911375631 5.480913272407467 1.000002973437071 851
3.9622181745304563 7.187490053829958 5.480910321958599 1.0000052246009612 855
3.9430518942494204 5.979727756885143 5.696330109932213 1.1409617044962115 1761
4.393635574665268 7.220924277774241 5.503082516523193 1.8755095356995992 1174
3.79098525375805 5.670981669615317 5.955925123986633 4.498588989249927 4.570198253424653 4.297135135874703e-08 1
3.7909852541753244 5.670981669632945 5.955925124047326 4.498588988810039 4.570198252707789 5.396621470214388e-08 1
4.929789864694171 4.541032562304563 7.220008245380795 6.8149736608103355 4.421299361608176 1.0000046829684754 42933
4.79703851108555 6.05686032307507 4.872192098565039 6.523828398873565 2.630946083434 1.0720161255167457 32470
