2.198892565113387 2.6860821352118642 1182
2.3087174960008143 4.679303618213299 275
1.3356041730981785 13.717185344730643 171
1.4773798918874306 23.53150304714509 150
2.958396677300844 1.6797556725781198 1.9873897011193695 453
2.7871400607104793 1.5290543148754223 2.4268291425429016 509
3.2038576147669993 1.7630843655445227 4.57737986510924 454
2.630852493128872 1.5807633253013096 6.953275689772874 529
2.3580610433987683 2.300416893150383 5.057138894718984 1.0000088076180051 19470
2.3617130606658616 2.2983753578088155 5.057584995756578 1.0016542657685465 19201
1.9612024180306111 1.2865832539470001 2.2240925274834678 1.0842927382685352 1217
3.1560296925124587 1.2119134788961643 2.199665073855677 2.1471370970237413 766
2.18645050147206 0.3140271950258098 2.8712527733970648 1.7264465555520607 3.0337638087841126 3.0540508398304296e-13 1
2.18645050147206 0.3140271950258098 2.8712527733970648 1.7264465555520607 3.0337638087841126 3.0540508429624593e-13 1
2.186450523369161 0.31402719820279873 2.8712527755510795 1.7264465505925215 3.0337638039032315 3.0808645992027225e-07 1
1.6292990889608883 1.8493773712003307 1.3509818054806755 1.8411964113567798 3.5233170654203727 1.0000531515899778 1851
