2.0238918295675217 2.4820793547102182 614
1.6616066125040538 2.8652177659523894 616
0.970624791591292 16.996710262260397 90
0.9310272325464737 22.641092758883183 77
1.944501353167264 2.5121038070464925 1.0000003210600892 769
1.9482597021851087 2.5047694057985628 1.0032675664381239 789
0.9658717503618055 1.4153645439914322 2.9899915023803354 501
1.0528644951056378 1.1763344990626705 4.693450170561998 285
1.5492791699674664 1.332455277807436 3.6408420248751425 2.356436377387007e-06 100000
0.9628708355285112 0.8384066951354348 0.8693423639147227 1.0002482224646587 13528
1.892904979795902 1.2552590363552047 4.1324917625392255 1.0077337357321312 679
1.776434578829166 1.0132991185749156 4.638781730545496 1.6359655022135768 1200
1.544680363485786 1.3360254296972776 3.625065814041692 6.792903107777979 1.9433530247395647 4.593725498242744e-07 100000
1.542217035906936 1.3307703817223184 3.6066579375119705 6.818660593263591 1.9501078474385343 5.830973921186782e-06 100000
0.6066649192946888 1.2548368901406404 5.575891574909379 7.0146587569225405 0.22381349739761652 1.0000000000012508 9173
0.20764256931129504 1.1466702225608405 5.616307344562334 5.678639681318797 1.5771845695762683 1.0206730734236447 4870
