6.982300991966557 1.060722043691011 1229
8.330021008377193 2.705141618598751 1565
7.205397643200424 7.398582859567171 485
2.6833906193665342 24.95512182684146 227
5.384113782318226 8.603704926480026 1.53616599772485e-05 100000
5.384112717898556 8.60370185449267 1.5362071025689707e-05 100000
4.042916605813988 8.56745045724863 2.6233726744164243 1265
4.067756124429955 7.712290732768356 3.603070686018541 1479
5.393607788779662 8.602934417247525 6.866129654175793 1.2448468141961184e-05 100000
7.084755598024598 9.534245129584347 6.019248429826315 1.0000000000041402 1260
4.471560848347379 9.08504474396402 6.424348141571444 1.0028336361829784 759
4.498517188929792 9.097126898478875 6.425335886890995 1.0181764344512485 822
5.458514299349786 8.58856610591359 6.858925865665792 3.315918210134342 0.5999792956061789 5.184693510928361e-16 1
5.458514299349778 8.588566105913593 6.858925865665779 3.3159182101343476 0.5999792956061956 2.155394787276679e-13 1
4.656806451368853 9.497394772676428 5.269076905182314 3.2433260715021315 0.9827862546141091 1.0000002064140932 1202
4.658195023158708 9.496803729328201 5.268968704881242 3.241669661839435 0.982832199231922 1.0008417204713635 1237
