2.87585383168287 1.0417012845975626 933
2.7734392996037145 1.0705197452353954 1786
1.3434717611524827 8.756742183979094 266
0.9738356871370264 20.165261326366345 130
2.8194239747372993 0.48203998640884294 8.122336707610141e-05 100000
1.2503021404625412 1.9817414247038274 1.1867277744269868 4903
1.1815942621851967 3.040745407234993 3.4562208627739617 910
1.258823331078344 3.0163052088401163 4.625662135948418 1238
2.593714699484436 0.4336105116190027 5.820303421266043 1.7503996588953437e-14 1
2.593714699861632 0.4336105121967405 5.820303426243279 6.167030092191651e-08 1
0.11504927012630758 1.0590786704628967 6.068118884378165 1.5324324195068348 3478
3.3685664311672125 0.5186531258104249 6.242596811726975 1.304625893043257 3476
2.5937146994844342 0.43361051161900255 5.820303421266043 1.1251216781112139 6.1077678249715035 1.1909316281192968e-23 1
2.5937146994844342 0.43361051161900255 5.820303421266043 1.1251216781112139 6.1077678249715035 1.271796488942601e-23 1
2.5934431377645106 0.4382580485329588 5.820501015924173 1.1265465364142493 6.107208351103391 6.618854862594013e-07 100000
2.600792219937592 0.4381298969618899 5.806821212024073 1.1220618641762066 6.10610063195547 3.0280747396351547e-06 100000
