3.0229455743370885 1.5845687011651766 691
2.950603099828435 1.6109000134193452 766
3.5160321332296656 12.891257363337008 513
3.891836189592431 23.430847165376296 262
3.5025672640393566 7.894081182859885 1.000013140249653 680
3.5025638229513945 7.894038126037946 1.0000260106733083 680
2.4559404351941367 6.800996565704776 4.048201017061652 474
4.134686661315338 7.50302624851366 5.558713351968924 419
2.9628378117023524 8.087038364581627 3.500709015969904 5.4552007679349e-07 100000
2.335721675728901 6.769756209455824 4.324514047241696 1.00125000688186 898
2.5626298831204384 6.774597725637529 4.354611375000441 1.937072377424684 521
1.8915455097351594 8.404586799692774 4.535931128396661 2.1429772176476285 854
2.9624916167243356 8.090677156733268 3.5025252522341144 7.8940925643089255 5.613489757705725 6.374692853917167e-17 1
2.962491616724342 8.090677156733268 3.5025252522341086 7.894092564308913 5.613489757705711 1.8675319997419525e-13 1
4.526366257525128 7.603235348844907 1.5057701406909456 9.815838528915917 5.787325495933446 1.0000063251216038 83573
1.4607402448303868 7.6113941507291365 4.572229872342379 8.559528082583775 4.129376280282318 1.000426220859373 3336
