8.197894486886645 1.0061976729612885 757
8.145260453563553 1.0289672401782344 918
7.310695879712069 14.61119320745209 140
7.130067433609241 24.290674964436 155
8.21229142135646 0.41696703433058213 1.000000000136046 25308
8.197916425055755 4.1320295075492375 1.000230008069548 750
8.856636670931726 3.70820451533923 2.50073471188984 1034
9.136839718748558 3.554117476848507 3.5083875265615743 634
6.2000926832545 4.415220995627286 7.337072098339488 1.0223177678585647 30707
6.200093301623829 4.4152242569284414 7.337071947546854 1.022318616022961 30707
7.270269842013611 1.5816923827597025 7.407864371449727 1.327734025044637 3324
9.107143739541623 4.624994598234771 9.427866125004702 1.0010155398908818 1033
8.928601514360016 3.319798053011772 8.212291230578318 0.4169662572524994 1.0765667993596797 5.665359264547001e-15 1
8.928601514360016 3.319798053011772 8.212291230578318 0.4169662572524994 1.0765667993596797 5.665359264547041e-15 1
9.109521803136479 4.624557955232387 9.42903593378734 0.4049228317232624 1.074549697785368 0.999999999997483 935
9.109521802789429 4.624557953774478 9.429035933997469 0.40492283294853276 1.074549697896518 1.000000000416774 935
