8.887824087617307 1.9471999880546744 381
8.786640110819704 2.8925127171187426 272
9.116163505718772 9.397882766986088 228
9.132941598136044 18.470796838278805 101
9.216550706662117 8.729801927782624 1.0523976127409316e-05 100000
9.216550706661865 8.72980192778264 1.0523976127454747e-05 100000
9.81240746703143 9.622454492485348 2.0408467660101293 473
9.810862475077913 9.616833580100797 2.0455104732697604 484
9.274805386173261 8.724262943986739 5.84631272593364 1.2014039504063002e-09 1
9.274805386243491 8.724262945179607 5.84631273007494 5.384417123836773e-08 1
9.464617210008038 7.306127302705526 7.086680991506262 1.0000911728904318 1042
9.464520638131118 7.306090816823137 7.086678933311092 1.00012404366478 1045
9.274805386189588 8.724262944092157 5.846312725955531 9.05170173723797 3.1683257119073946 2.539869602547401e-26 1
9.274805386189588 8.724262944092157 5.846312725955531 9.05170173723797 3.1683257119073946 2.539880542632962e-26 1
9.274805386227452 8.724262943913311 5.846312725939579 9.051701737180347 3.1683257117645818 2.6965620774825484e-09 1
9.263799303746865 8.702708749410228 5.839169491851057 9.048593328889417 3.167308848935139 4.04093081097955e-06 100000
