2.0555836641248795 1.033023192118209 804
2.6171827546993405 2.4989366095982017 1004
2.7101589043809002 12.788088706435095 186
2.4028115903396303 21.591773937358152 152
1.8641710327037293 3.886297973128631 3.3396425466806847e-06 100000
2.545431379209357 3.7175451496462153 1.0005466952453412 696
1.0720686422277403 5.485399655746243 2.379038014844613 870
2.026353283630318 1.5883073149337765 4.943651026247161 547
2.3372655953268304 3.2241447273709567 7.166560807077386 0.9999999999991992 797
2.788934596623819 3.3012563247294286 6.718936180081741 1.326618705804876 2639
2.8831086941013786 4.6565723729626125 8.514187220089825 1.049468600658602 897
2.7254151125005563 3.193848963924476 7.003376719314199 2.581723685847316 922
2.546255177737859 3.716286520748746 5.694072207357175 2.8756126573653606 8.594312566595022 0.9999999999979059 17588
0.7548303426337741 2.265224381721846 9.207033843624632 2.5367664135046613 8.769313869772684 1.0000000185792115 1689
0.7548303434616778 2.265224382284231 9.20703384330033 2.5367664136968684 8.769313869275711 1.000000018845964 1689
0.7548299914048042 2.2652239499648443 9.207033391609492 2.536767984753922 8.7693132090075 1.000000504717646 1689
