4.122745441937017 2.0989655791710997 4679
1.2096413421379304 1.5077840876602704 966
1.2975209208003617 8.226416238317558 845
1.665516808447065 21.54191814909209 156
0.6674334272863485 5.0067921244534075 1.0000029830951547 1037
0.6674399091216455 5.006794652177095 1.000004903427852 1037
1.4054434147488448 4.620023561450465 2.6197798859722674 1295
0.8745223259681534 8.78827696387124 4.6425135215191204 447
1.069931596424295 6.840786616301324 5.350139926497133 4.928929243527056e-07 100000
1.6837667171706086 7.453210173082749 3.9541617017430926 1.0000000092730568 878
1.7308607936764493 7.401727730436377 3.963012139451081 1.0423995987197603 1017
0.9948687022088708 7.3148800114722015 6.150791425948483 1.700941193101591 780
1.0673820226458852 6.843426332861668 5.349626173877029 3.6918707674649482 4.126146437261934 1.425558697872541e-09 1
1.0673820226458852 6.843426332861668 5.349626173877028 3.6918707674649482 4.126146437261934 1.425563514045873e-09 1
1.4148100486430921 6.592945716822457 5.2012865824162855 3.7912793717440416 4.0432145653249885 0.00041839005486736714 100000
1.1641928529322219 9.245195165020936 4.394176613010367 3.6481265844292676 2.217891591258007 1.0178759203617402 90145
