5.303792458534676 3.357549234515464 339
5.338591955586486 4.414709676237975 324
5.7989133765779695 11.2982800964341 184
5.688350507320432 22.76055982410226 129
4.542163445976392 6.030230289584742 1.4989248697070245 1395
4.5411960175777555 6.030163293887846 1.4991033791599095 1400
4.440318767879832 5.992205255455258 3.497566100483633 1157
3.960862787801858 6.032049339331936 5.664610790206765 613
6.102572394967617 4.92989001132442 2.14462112279799 1.000000000024331 30509
6.102721018221653 4.930005035745428 2.1445083964710707 1.0000708568456755 30508
6.892916151162412 6.361723449816972 6.03830691394528 1.0080511939324377 843
6.892196193161193 6.362971519761432 6.036392037768269 1.0089478603292281 843
6.426899157860789 5.38620930968947 5.118979824586301 6.102572271129963 4.929889836111917 7.052827780265157e-15 1
6.426899157860805 5.386209309689399 5.118979824586177 6.102572271129953 4.929889836111932 1.724591435012414e-12 1
6.427710068658853 5.3887786500621475 5.114471514542307 6.094162436928512 4.934876740826197 1.579618920159826e-06 100000
6.427930599197918 5.388569184029181 5.117336272625834 6.09686016452631 4.9316673943952845 2.354660291660235e-06 100000
