2.8797279789306756 1.7162977337847904 615
2.7912632380977174 1.7700943860915705 842
1.1532928901692177 10.586470903033986 260
1.0199654325464877 20.930393475744452 105
2.4886041339469145 8.103636815411871 1.0000000000454081 677
2.60227357950177 8.100070552945592 1.055733373381448 950
1.0568124655357993 8.016783521730753 3.009126664072484 642
0.9606354183093438 7.979084291916248 4.092712768774231 851
2.0220229327852075 7.845476042556948 8.605372385844348 8.494940453182792e-08 1
2.3759383809675456 7.848120644581895 8.551608595678221 0.0002051932053831391 100000
2.2148960425780366 7.814779974487357 7.095729029470778 1.0135327002829664 979
1.3631341858443276 7.515254451361623 9.141435878075958 1.0220109106317075 890
2.022022934302413 7.845476041105609 8.605372392370311 3.270852010814347 2.488604760848334 9.645458856077816e-16 1
2.022022934302413 7.845476041105609 8.605372392370311 3.270852010814347 2.488604760848334 1.0651614476981554e-15 1
2.0220229272657875 7.845476049933209 8.605372397963341 3.270852023352791 2.488604774455836 2.885894561613526e-07 1
1.168362397728758 7.805287789202889 7.817776899910762 0.5300734723774917 1.3362402619003544 1.0000000054291267 74564
