6.135054849219815 1.2650921227225589 5642
6.318537763737589 3.218339714504056 368
6.971851685900685 11.17405149667259 154
6.8953568563225955 20.805422143275994 255
5.689402201193209 0.6596422758976763 3.3995519240491076e-11 1
5.627057553555201 0.6637006899770994 1.141081138027582e-05 100000
4.005651326145178 2.0980557255907515 2.709763766825947 1371
7.532419451892916 1.3890925359587263 4.6390747406000825 685
5.689402201192456 0.6596422758944243 8.88110669900257 2.976329902386961e-23 1
5.689402201192456 0.6596422758944243 8.88110669900257 3.152243772667172e-22 1
7.1977143641561305 0.5843581329385789 8.087952759751534 1.3438123359659735 2297
7.401255287886694 1.0698422831123149 8.629508828169156 1.7767470776810428 1100
5.689402201192456 0.6596422758944243 8.88110669900257 9.296581771740689 6.796920413761299 9.195193078150056e-21 1
2.8519304482472214 0.851881595218901 8.752703419391574 9.547211927754976 7.284126330147229 0.9999999999969768 16182
2.851926282270591 0.8518995056262858 8.752674944532977 9.547202813805356 7.284154035491171 1.0000133435802632 16347
2.85192631075356 0.8518995379573936 8.752674945156745 9.547202795913867 7.284154030840117 1.000013353041677 16347
