1.5943132962276818 1.7210028135009303 1185
1.2069809148886115 2.4302477782822507 814
1.4285407866562398 8.502316695397237 334
1.2215703114822112 23.341692062583906 113
0.8005974006665966 7.643296185633818 1.0167938989577063 2060
1.2707687432647201 8.131175328330524 1.5575570125602958 1484
2.8434250194023156 8.503226097055434 2.6875064214561615 575
3.0196772434175685 8.501517045526557 4.0569682571332235 369
3.1082979975705225 8.189872207189138 3.347526245712627 7.745722845978235e-11 1
2.836584036883574 9.097827281226119 1.123378857123302 1.0000000001117264 2596
2.9143275172396756 8.716552760207984 0.9558150107545937 1.7897247869817094 1099
2.5865305775530523 8.545913663780183 1.0643705240549461 2.078316655760729 2726
3.108297997563553 8.1898722071885 3.347526245715251 1.937135186735427 1.1031332505260039 4.507446051609801e-44 1
3.108297997563554 8.1898722071885 3.3475262457152506 1.937135186735427 1.103133250526004 8.700560907568876e-15 1
3.1082979967405646 8.189872206130644 3.3475262458955077 1.9371351864828483 1.1031332509625882 1.706578993396244e-08 1
1.6160292865697765 7.171502295716968 2.5167331072615515 2.4611346268203866 3.113761445637261 1.0012673141721296 15484
