7.5236814385443616 2.177639368828648 648
7.469616263355715 2.205759043629591 816
7.490442470059726 9.398170553451337 219
8.248312435010643 16.07683832650514 1572
9.19109031799167 6.421955999238505 1.9064464960676854e-12 1
8.350210242898127 5.863817814055604 1.012093219077297 799
7.992828008588829 5.759403413025519 2.2823189559459047 2298
7.9334917505596225 5.83593895922493 3.899895835830381 698
9.191090317825065 6.4219559991307 7.537122297246998 2.470555729865999e-09 1
9.191090317825065 6.4219559991307 7.537122297246998 2.470555729865999e-09 1
9.35927948760717 5.587789026499345 8.84959715931017 1.0578337610862782 1064
9.881803029632975 6.4961871012430095 6.716423677886272 1.0350254011037385 908
9.191090317991819 6.421955999238555 7.537122297291767 1.3931456810273501 0.8731954798960007 2.4855389647417983e-17 1
9.191090317991819 6.421955999238555 7.537122297291767 1.3931456810273501 0.8731954798960007 2.4858388019527836e-17 1
9.191090317991673 6.421955999237841 7.537122297299528 1.3931456810241851 0.8731954799093385 1.7757402527375041e-10 1
9.190453782981871 6.418496645479977 7.533816109080371 1.3919980680464903 0.8734020773547454 6.708655477048405e-07 100000
