0.48305890940154655 1.582718521659944e-07 100000
0.5520434537267989 1.0232575483912525 697
0.8263344406955898 8.032592400507964 216
0.7121729068827837 14.776452182385905 101
0.5027787707529581 4.87431878250395 0.9999999999990878 1085
0.5027787735939362 4.874318800510508 1.0000000010633838 1085
0.7485621597112511 4.469177972779341 2.8235557358061643 779
3.038552366455273 3.8204694444736895 4.798431317539047 1374
0.48181227507719654 6.809630138671945 7.986960679058846 8.516754284025864e-10 1
0.48181227514520425 6.809630138570509 7.986960679084279 2.2614420980251777e-09 1
0.8126380168745503 4.939389898150472 6.491683647496192 1.0062732519984743 2444
1.2070919734463164 7.292651134228464 7.945893023195538 1.014817521453557 737
0.4818122750023768 6.8096301386771785 7.986960679038018 8.001085916578825 9.652972501562605 1.9875919734183303e-31 1
0.4818122750023768 6.8096301386771785 7.986960679038018 8.001085916578825 9.652972501562605 2.4652860641252785e-24 1
0.4818122750023768 6.8096301386771785 7.986960679038018 8.001085916578825 9.652972501562605 3.595085036065795e-17 1
0.5089696857677005 6.981605383600639 7.809443543550482 8.059889086980501 9.41781598479858 0.00019088680235252275 100000
