4.768644513061842 2.0258147674502127 450
4.77206682582968 2.0319709234098244 468
4.756491925259481 9.259693504228599 331
7.530649685687157 25.865822671746095 297
5.007831347196654 1.4917858823431576 1.0000019022205333 70885
5.6161895358353595 5.148356439212025 1.0044311042762766 721
7.776908659933549 3.155763642213696 5.413602937209831 709
7.398075871652809 2.8294429331556583 7.138616452970181 1014
7.933253643612972 4.952159752140454 5.605746725957868 1.000000000004018 26570
7.933253636895379 4.952159753099872 5.605746725430512 1.0000000004685545 26580
6.757910206588905 6.554535199922585 6.604760142191091 1.430027311321299 4909
6.499097619139736 5.218742631558523 5.195573888259276 1.1605937760316911 1357
4.996254413473852 4.678559904895997 5.008541549433859 1.4868554309653184 8.207780533782202 1.8373454929062048e-06 100000
4.996254421957538 4.678559900086425 5.008541532707095 1.4868554340969664 8.207780507290309 1.8373488917065836e-06 100000
3.554365312920354 5.245742945815815 4.935419188947513 1.3668775731497411 8.274096634128247 1.0007009506065734 818
3.5544477084584316 5.245644745379675 4.935368325750079 1.3668290867460335 8.274090262846574 1.0007473728201581 820
