0.7785276550856585 2.260720264794774e-06 100000
0.7695925766435452 1.0231631954924687 556
4.524354148711556 14.757762484821125 283
4.566831037465912 26.162518408723606 202
0.8276325187508199 7.722761982609209 2.1601867962413607e-05 100000
2.8867083929470545 9.089642768579068 1.0033861347949031 3140
1.4104080102721002 6.969669130410696 2.425462896686772 541
1.4956405705224516 7.345898008990619 3.224424263622691 834
0.7630828937395725 7.7991879224011464 4.384092314408936 9.363841776741369e-15 1
2.0484905192166383 4.907659754094152 3.7238470909890773 1.0000000003217335 93471
1.8063700729778729 7.405678428107281 4.221785716783172 1.0027025609859992 746
1.9591371101903383 7.413582891494814 4.344269118208636 1.0797042558565002 1592
0.7630828937395717 7.7991879224011464 4.384092314408935 7.234651778309412 9.779895119966026 2.4748342607665146e-17 1
0.7630828937395717 7.7991879224011464 4.384092314408935 7.234651778309412 9.779895119966026 2.474834624649531e-17 1
0.7630829000016722 7.7991879127106225 4.384092303727883 7.23465178086594 9.77989511438745 2.2010870353991723e-07 1
0.7678671781716938 7.792535269314044 4.380945662623643 7.2310915485996725 9.778188415508188 1.9222683138854484e-06 100000
