6.868984352527463 2.976380549274216 331
6.86905617754567 2.9764489794293216 333
5.421081966119944 8.798628630187771 516
6.883885421309343 20.201179997371383 303
2.698689399774731 6.7448115221678755 1.0000020468832498 3662
2.7744008905372652 6.027831084834276 1.2253537400113947 21546
4.892784928240365 8.945113810574519 3.2750859078088888 600
6.008898881386288 4.939174977043771 6.889210732934677 406
5.197575914406124 7.001617698606031 2.705602363208964 3.6660949957452557e-06 100000
5.197277973999716 7.002157745048479 2.706728323738301 3.854099035581822e-06 100000
4.902539209997652 7.024497990119214 2.249744916277933 1.0028571177739345 671
4.758518243030159 6.847034690000279 2.0450600179214242 1.2749574848266698 1938
5.219157165002548 6.994063670146641 2.6986897107295027 6.744818746889924 9.08072083313315 1.2725036296779805e-19 1
5.219157165002548 6.994063670146641 2.6986897107295027 6.744818746889924 9.08072083313315 1.289343268127047e-19 1
6.501277770719242 6.470486713254344 2.788936833720752 8.251320037960715 8.90509050118417 1.000000000942729 1230
6.501277771070769 6.470486711823006 2.788936833164931 8.251320036696717 8.905090501069314 1.0000000015052064 1230
