3.407457491859506 1.000365775142287 628
3.584957201278408 2.2178850371935805 784
3.006518649149074 12.688379028359545 296
2.5859329608922708 23.586548400165906 142
3.8339995859778404 4.4961132528872305 1.0838058142434954 1119
2.3713170592420525 5.151433802278442 2.209638804949463 886
2.4511096075190872 3.0247021494203308 4.448973006951367 376
2.339561835687085 3.2943777461164054 6.249912561945913 343
3.5541911780523665 3.408488766893015 9.331064422815695 3.844086619277815e-14 1
6.2482051603173865 4.180695356997118 8.939425449892228 1.00000699690152 11745
2.935623579753243 4.773833085665486 7.351817276748431 1.0075643394696776 3004
1.7270419245708264 2.8704009339992735 8.435353089798252 1.106693990787927 1619
3.554191178052365 3.4084887668930164 9.331064422815698 9.138191856450264 8.374647283763942 8.316674650352015e-23 1
3.554191178052365 3.4084887668930164 9.331064422815698 9.138191856450264 8.374647283763942 8.316674650352015e-23 1
3.5541911780523647 3.4084887668930173 9.331064422815695 9.138191856450264 8.37464728376394 3.944079871680942e-14 1
3.172207515226169 2.4837275507005314 9.235804495316858 7.985660023526168 7.595871880253543 1.000014104552837 899
