6.336674121822892 2.200766959968657 1338
1.6896387727237665 1.7707502935578747 570
1.0726944797185576 13.81274726707326 159
2.8624273182096776 20.58752550568592 241
2.829178661279864 6.3900896504385365 1.5205672741870763e-05 100000
3.373870943931314 8.107794338656378 1.0145251049847406 1053
3.5202477666038323 8.013792344669659 3.4223138392777677 526
3.611459611077744 7.821827428589996 5.23459376035734 552
1.3405010652759186 6.1501463488724 5.929870806057629 0.9999999999988111 804
1.3405010707293321 6.150146353401802 5.929870812664895 1.0000000021569748 804
1.3427475581079904 6.154667692318118 5.928498842680549 1.0021183339013382 820
2.8501307771018145 8.44844459813594 5.868660105252519 1.8647506291680955 1997
2.752256698791606 6.392307609146783 6.238992123401623 7.7804230736366815 4.781135294677595 1.145165536207733e-08 1
2.752256698791606 6.392307609146783 6.238992123401623 7.7804230736366815 4.781135294677595 1.1451655362086837e-08 1
2.5888799031975225 7.55629948576475 6.766627166350932 8.16347977064642 5.801052616926671 1.0000002401993637 883
2.5888799063662766 7.556299482797381 6.766627172110259 8.163479756747451 5.801052606452164 1.0000002447086243 883
