3.5671637567429735 1.0001035776615073 754
3.286559288262189 3.3362981161249214 348
3.1209615482540576 11.575123713028455 206
2.8765007812236147 18.591351301692836 370
3.8685229703659667 7.434232943815507 1.000418796917212 816
3.9141500796289463 8.221246999841508 2.8000359679261946 579
1.598625401831512 7.313759380321372 2.2348882376322288 2889
3.935014494088702 8.50200875555922 6.14698664091752 659
3.8708358453356855 8.344403676843942 5.207094453686419 1.001487107260377 2830
2.691756166791816 5.66342522096938 6.300265349279903 1.000425234134311 748
2.8688154799087693 5.156777494889322 6.00618707747459 1.418491486995407 1784
3.3717944381394553 4.635132471841937 5.960752762174103 2.69907682627735 762
2.5704242710513983 6.837875830710723 6.636417575691157 7.771304344663995 8.273666283354583 3.943779244157339e-14 1
2.570424271052612 6.8378758307105025 6.63641757569066 7.771304344664669 8.273666283354316 1.521428966237775e-11 1
2.574755125607299 6.828428201018351 6.636934315926618 7.760399392955615 8.270646420806619 3.2404637335845715e-06 100000
3.0504514310849133 8.068429134128042 5.954818786330732 7.636900856077955 9.440330966191338 1.0024885901623926 1025
