2.0671222102648565 1.5100742227470225 2407
2.187403153536806 4.2567873045155515 807
1.681926986894804 15.110835166324334 155
2.7494448838241357 24.797993179525843 178
1.7382046799701891 2.584737035470037 1.0014304994804195 921
1.7382046895982524 2.584737033733181 1.0014305016570328 921
0.46800060766655704 2.257727692803524 1.4557203886799408 1682
2.138981660999225 5.487333774455329 6.567930448921802 1958
1.5230407394894194 2.7438205708803793 4.568524482584192 1.6066570489015122 2462
1.5230407795082885 2.7438205638742317 4.568524455839104 1.6066570615386895 2462
1.8462311377128675 5.560419056255605 2.312442596419854 1.521295307353456 2379
2.300695820851338 5.0225052467054905 2.1686745904881928 2.159185638345361 2378
0.46040993631485505 3.702423161155992 2.423182674914047 6.28480005044585 9.901100600269167 2.6096413837333235e-36 1
0.46040993631485505 3.702423161155992 2.423182674914047 6.28480005044585 9.901100600269167 8.350430462668738e-21 1
0.45443306495281577 3.7467388149854353 2.4013544397510427 6.251113152472284 9.900120639070245 1.1139633487825015e-05 100000
0.46315612735861456 3.7442745456557214 2.396491500132896 6.246796898854184 9.898332140954707 1.2908442503405445e-05 100000
