5.2876761696630865 2.174171630072067 577
6.488989787628203 2.8246235383785065 757
6.181774305893386 10.837781924557083 202
6.125376643351568 19.08034585558906 185
7.346935555304363 6.486388223596117 1.0000000068057917 986
7.346903427414072 6.48639222978213 1.0000095191762524 986
7.4192124095219185 5.56484835403117 2.966935379992728 477
6.728477341048535 5.690185837600159 4.499941811073602 1258
6.239631436926389 4.836746825926798 3.2239467477974273 0.0001963950693071892 100000
7.191684830434679 5.0493593169086415 3.675313090927078 1.0003047433548198 749
7.551066951261467 4.509974262238353 3.7991707869728266 1.5077723376366023 1396
7.7490030779138745 4.7979336770204375 4.022043345834279 2.1502941715449926 855
6.184652146879069 5.066126473011273 2.96342308166168 6.51865793586191 2.6952044144765908 1.0181779259132094e-05 100000
5.985921518771871 7.760948167770158 2.2372456332653985 6.262729032528246 4.123200421731593 1.0000000000050195 51640
5.985921754709665 7.7609479813113005 2.2372457414273104 6.262728318497075 4.123200465836386 1.0000002400653019 52041
6.33103154514779 3.8600046970698725 3.2547450944956986 6.781280977292318 2.2105941692999935 1.0048763574762571 768
