1.9758341868509028 2.722871356404803 274
2.1362098696346363 3.5538624645221546 247
2.4038269487473967 11.919441045921374 166
2.4331708997027905 23.891416309830593 214
2.026069536542789 2.070931040821616 4.0328838700132526e-09 1
3.0683633887334825 1.7850948475481072 1.0000009324130459 741
1.8985367311576873 3.8299286828450576 2.8067210467309955 13275
2.125177468119631 3.0224265040209586 4.230352665635698 2293
0.5722556861039998 3.068360969953894 1.7850922336546646 0.9999999999990694 952
0.5722556872583665 3.0683609714074396 1.785092233754512 1.0000000003986182 952
0.6010907594125753 3.123131711110436 1.7682650075111073 1.0513871448914367 941
0.608357597554724 3.211910689330313 2.538614155299285 1.4653780620924084 2021
2.0260695362889045 2.0709310406097314 1.5263774330024593 7.545928115255229 2.2742676573612206 8.247644775479885e-23 1
2.0260695362889045 2.0709310406097314 1.5263774330024593 7.545928115255229 2.2742676573612206 1.8157182420145605e-19 1
2.0260695362883894 2.07093104060939 1.5263774330022046 7.545928115250635 2.2742676573635827 9.218715834371873e-11 1
3.3586461521525073 0.16408491819229756 0.5004777218268667 7.396294474822143 0.40554190836757614 0.9999999999985224 61815
