9.398540842581212 2.4880915598800346 1145
6.4648886528126175 2.8487573203895677 521
6.881408644155316 10.26738025505045 159
2.7336102507576876 19.585771893645333 690
5.474503597258215 7.191546232584012 1.0000090948185543 4568
5.178460699801349 7.278511933835971 1.1411526105511647 5649
8.299572495727885 8.23756358380652 2.07567483123806 775
4.575232961853378 6.5221354892258825 4.789501124858367 1209
5.4745297501240415 7.19153385804931 9.256836973363084 0.9999999999990352 5254
5.4745297501240415 7.19153385804931 9.256836973363084 0.9999999999990352 5254
5.122165980545724 7.033571390622368 8.89196956616258 1.527208584681646 5299
5.666269263140086 6.935196998404319 9.087803105932517 2.401155747817078 1986
6.562641852329568 9.549013769132275 9.708760349938164 0.9783217731538718 2.4074491578118096 2.479780965026273e-47 1
6.562641852329568 9.549013769132275 9.708760349938164 0.9783217731538718 2.4074491578118096 1.2789043034183387e-29 1
6.562641852255794 9.549013768645292 9.708760349845445 0.9783217737542723 2.4074491578155195 9.117166313833646e-09 1
6.562641852255784 9.549013768645281 9.708760349845434 0.9783217737542772 2.407449157815523 9.117352082072585e-09 1
