7.031853568809296 2.0791876635797046 517
7.0951986326721626 3.0771975725235015 320
5.196423803527492 9.206208609226575 945
6.673527410414022 15.570837638409559 510
6.996550763972625 7.146533627511725 1.001937893316026 1418
6.99492375512087 7.147776564382711 1.0026801630233109 1555
5.966672448948906 5.371781929864839 1.0253364456098317 708
6.976222075479887 7.045593024395925 2.9147420510393496 1076
6.573419697881067 4.998870953098398 5.23395454639303 3.32709900155336e-05 100000
6.57341939753035 4.998867387652502 5.233956343151407 3.327168988213227e-05 100000
6.5509563260693735 6.796865592361658 3.35096146825121 1.0010138836320601 4480
6.214806767226118 3.778437416191805 4.900598272679705 1.1023331473627063 1301
6.475510493530234 5.071496882130802 5.283413801522395 8.962852040098879 6.999911906674879 1.0856861935153403e-15 1
6.475510493530234 5.071496882130802 5.283413801522395 8.962852040098879 6.999911906674879 1.0858122725005396e-15 1
8.04689135997576 6.367465860548006 7.041883583565696 9.74231902820078 6.55189466486345 1.0000001962497327 12144
8.046896761760818 6.367491280141241 7.041894134699247 9.742315358397363 6.551890005639146 1.0000085886144572 14831
