5.6413576623744035 1.0001603169370825 712
4.753362243192804 2.1800238144208186 791
5.299690566336396 9.548861039859627 346
6.144976488285282 16.874607167082235 511
5.641715105792489 0.1599373946609734 1.0000443535458514 3100
5.892874671753745 0.549987186215363 2.080826718675412 1011
8.474684801102589 1.6507372577037513 2.35129456880575 3406
3.4370234287583252 2.21634362152908 3.854233256941628 807
4.996943204374935 2.5593713436764736 2.5810063096641236 8.248805853692514e-09 1
3.4744570989303876 2.127891225703467 1.7745332083971583 1.0000096175824231 950
3.474824703214203 2.1242509990364717 1.7762838751295909 1.0021320406355931 949
4.286846796336721 3.3084397813376065 1.3248997556287219 1.157233986668156 1513
4.996943204688338 2.5593713431167013 2.581006309885746 0.9692170943916412 5.6418511456192455 1.9504174380820887e-14 1
4.9969432038017025 2.5593713428653118 2.5810063094161677 0.9692170944333307 5.641851143425651 2.9116991700889243e-08 1
4.99694320380715 2.5593713429100067 2.5810063094908964 0.9692170944405891 5.641851143455399 3.053086889672592e-08 1
4.996943203808816 2.559371342909961 2.5810063094917015 0.969217094440354 5.641851143457196 3.055881705201218e-08 1
