9.188673978892304 1.5626858879698857 848
9.188664813083749 1.5626878690437878 848
9.456154856858046 7.160646758563704 279
7.485038085584867 17.19028553876523 444
8.734294027914077 9.685406627790753 4.781614878554143e-09 1
7.620848831962457 7.09909002516076 1.0130431144267724 10251
7.300905620550501 9.368476939805413 1.0173021525785422 851
8.242800781363039 8.869962966204758 3.8504836168773564 1650
8.732482205531529 9.68128229096948 8.68792819021991 8.241443705736284e-07 100000
8.73248220553153 9.681282290969431 8.687928190219916 8.241443705773955e-07 100000
8.299049413740546 7.203831071518465 8.66078501210397 1.0027165177474247 3468
6.957159769767542 9.115838737468097 9.025131601178039 1.0201053808588578 1081
8.734294027918162 9.68540662820932 8.691945402139199 5.3085569155559895 2.327283279772907 2.0554647678521637e-21 1
8.734294027918162 9.68540662820932 8.691945402139199 5.3085569155559895 2.327283279772907 4.5159480834115493e-17 1
8.744934858602672 9.675254174017303 8.666044959666666 5.288441315165041 2.320716321243159 5.964795173970628e-06 100000
8.736345349040294 9.682204489294309 8.620551049075933 5.37849128124077 2.2832198178859504 2.883629930634307e-05 100000
