1.9598202509324547 2.4516354683613533 445
2.3593246421323584 3.584209535318038 467
6.2517735957132965 14.929575058087458 1006
1.5986130378760464 15.826745917083846 214
1.8607830973227786 2.6770979573957696 1.000000965806969 752
1.947358157746691 2.673355658312297 1.0424732132507102 887
1.6675468958880635 2.293521405578441 1.641046010225763 771
1.5140889074902357 1.997574417791112 4.516929134711295 564
1.530541987661469 1.5768566100940729 9.854911141831526 2.1205845494656546e-24 1
3.8500424107990825 0.8010392012450316 8.074898950563059 1.0000000001219869 30248
3.870677494440047 0.8236172595785499 8.045114362124217 1.020168221372648 28867
2.6359783841546816 2.7548312397614785 9.578059613781173 1.0033628937985146 883
1.530541987661469 1.5768566100940729 9.854911141831526 9.044977308052937 1.8607826266704097 3.3476274784125036e-27 1
1.530541987661469 1.5768566100940729 9.854911141831526 9.044977308052937 1.8607826266704097 1.2019571582136806e-19 1
1.530541987661469 1.5768566100940729 9.854911141831526 9.044977308052937 1.8607826266704097 1.175848219265333e-18 1
1.530541987661469 1.5768566100940729 9.854911141831526 9.044977308052937 1.8607826266704097 1.095318997287207e-16 1
