3.193494695848729 2.9271925189607026 310
3.217212110939893 2.9607297041576444 329
0.9001893182778677 9.472316154245426 215
3.2698202822459557 20.33883776261112 158
2.9649966092533755 0.9333373703230632 0.9999999999995927 3797
3.421861787386293 3.0498730851536586 1.0088118714780885 803
1.071020498602826 3.3140030571709778 1.8414336646825444 753
0.9940253277273609 3.181274542078868 2.0638783443985895 1329
2.0100359612435037 3.29020466490357 2.9649968876817625 7.991772752897772e-09 1
4.219310634899759 3.9539916535032615 0.7320231655759556 1.000028311311341 82486
3.0609775219254276 3.3804561605354158 3.223502077630285 1.002226095685053 729
3.2802041386126737 3.3912240647212903 3.302287890169539 1.1110615706613975 1546
2.0100359611785272 3.290204664927815 2.9649968870255097 0.9333366848041467 3.3307881249677704 2.2206853941416885e-10 1
2.010035961181225 3.290204664927158 2.964996887027561 0.933336684804565 3.330788124970239 2.657299270398469e-10 1
2.7180678412149826 1.743214085858113 0.9908731892776214 0.6066943700412614 2.4712080728470145 1.0000000000006701 8776
2.718067840764976 1.7432140821347006 0.9908731861470014 0.6066943748064573 2.471208069513558 1.0000000015005626 8780
