8.224724369311513 1.7829684761691067 523
8.137628180943919 2.38041359276559 1214
8.183544986142763 12.650727701518427 157
8.213676265500924 23.33812660257371 122
7.176281725676693 8.403671904038815 1.0001834856941916 950
7.543012992372309 8.509632908460464 1.807916552502865 729
7.5989003777313915 8.57775689221165 3.891706021754363 497
7.774068023557393 8.893677931692949 5.3820180419430415 325
8.858804994528262 7.8858156678327385 4.247281315949867 1.4421686395240764e-08 1
7.734002655055309 9.20117071582849 3.5254569789051646 1.0000000000835705 1030
7.0268265445131295 9.272022216367493 2.25609801600413 1.27806489870389 4233
8.447786234780882 7.9032905462470096 5.751968996225651 1.7146884285052268 1231
8.858804994376257 7.885815668037245 4.247281314751076 4.788696468471894 0.0035405973154980204 5.191812242342521e-15 1
8.858804994376241 7.885815668037233 4.247281314751085 4.7886964684719056 0.003540597315501241 2.4285339388835733e-13 1
8.986312462200218 9.222928947887565 4.53151788028341 5.569325349557775 0.4011796501618515 1.1939696785223737 5883
8.986307063280325 9.222929390339953 4.531522673300398 5.569331965024767 0.40119163278678677 1.1939703211171362 5884
