6.404625113568717 2.2705394923511273 492
6.869846269153453 3.431661469384272 677
4.890826277526009 11.552043576206465 364
5.801572112042782 19.127529441051497 677
5.372197301768061 7.025714478132656 1.6630224450823399 628
5.236951250058065 6.899222284432326 2.573349789410526 512
5.008789355792871 6.541997761291757 4.556919182824296 272
4.818151443682294 6.622033281696427 5.160806435320275 403
6.065281588622759 6.573280798812635 3.07362852304649 3.68338270389811e-07 100000
6.065084544373949 6.5731749987277635 3.073728665058672 3.977622529499855e-07 100000
7.896363239466831 4.3747701624908935 3.051825184041048 1.0368751527214286 12442
4.633871138943982 6.640027131204283 3.8508957101639565 1.0421027713657929 1036
6.063543378016362 6.575115686348504 3.072410093133931 9.620034851504453 5.35918907374589 7.027473197901095e-09 1
6.063543378016362 6.575115686348504 3.0724100931339313 9.620034851504453 5.35918907374589 7.027473806430145e-09 1
6.0635433675690775 6.5751156915554105 3.072410096027222 9.620034840215329 5.359189065633841 2.4230047456608347e-07 1
6.416545531741465 7.989813858935315 5.20386652323176 9.403440847568154 6.502426159382375 1.0000182930188715 11885
