6.41973225852184 1.7175477923903182 819
4.620231976798637 4.270309210181694 507
4.678025095649826 9.786346381622364 809
7.020488903489341 18.881019377179097 147
6.892396127391617 4.233220906489929 1.0034604299410201 1025
7.288443128364877 3.250720328599014 2.0026986642307887 1096
7.454870300423153 6.334558226581841 2.153684490425582 979
8.014347835028977 3.1543112757172804 6.722061494551081 1180
7.193857864696473 6.072211744540726 6.89861615827071 2.229908846845971e-07 1
7.193018483474948 6.074126493937528 6.896202014404745 8.723494108836852e-07 100000
6.316565391061865 7.236602278772699 5.787593388988841 1.0129907354032126 1049
6.069660403382127 5.884925822662465 4.466236312546871 2.365680758799435 1415
7.1938578628241014 6.072211755726986 6.898616145924816 4.2343297888242954 4.507661105659039 8.208170298113111e-09 1
9.446862507246124 6.31267910299793 7.548936813604854 2.0528475757480233 4.685254942486838 1.0000005162987757 85399
9.446862380489186 6.31267898283922 7.548936642308062 2.0528475630397356 4.6852550054329605 1.0000005770676004 85226
9.446855959237713 6.312670045673964 7.548943894166424 2.052851162907673 4.685312324743971 1.0000184165830095 85249
