1.9069085970653 1.0000081579632252 676
1.9076414521552443 1.0002553818667828 679
3.3108446996154117 13.782997205011501 229
2.535969240074277 21.963230897346293 121
2.288034875569012 1.9068801862418296 4.490377300177233e-15 1
2.441851596396905 4.676942859805014 1.3039076652501436 3892
2.84728761390767 0.8555406348515 2.8875778325571004 638
2.502800077560863 0.5652760891648572 3.9345258791683855 2004
2.2880348755690116 1.9068801862418294 8.863596709823987 1.1152610796710889e-15 1
2.136704408392212 4.396360395106288 9.888406981948417 0.9999999999996869 6650
2.1650566440385823 3.9312188650321858 8.836751213175685 1.1570117572680463 2638
1.5340202707375123 2.09824064335172 9.224869038045581 1.0652707174358984 879
2.2880348755690116 1.9068801862418294 8.863596709823987 7.189258955894065 5.3298338343414216 2.294588897999536e-36 1
2.2880348755690205 1.9068801862418259 8.86359670982399 7.189258955894064 5.32983383434143 1.244274313004749e-13 1
2.2902262341865867 1.9109749285725666 8.851108580953026 7.184872386617237 5.3337315247436585 2.1219690004960466e-06 100000
2.2902356715791217 1.9109830344013767 8.851106884686276 7.184876535350011 5.333696097284996 2.1264785321833275e-06 100000
