1.1807624941702222 0.9999999999997697 749
0.8522091864206551 2.702809432612135 393
3.0641538563013606 9.86788550049034 226
2.8306560987074514 24.728615545162604 81
2.1436432934876053 9.08585679578632 1.3689375358683217e-06 100000
2.1436678700410456 9.085860360909521 1.3715478026493764e-06 100000
2.4194002235372305 8.65360860481643 3.6304270619886694 428
1.5142289247757525 7.641948517736546 5.632382993404611 644
2.14686889009425 9.095023713206285 8.172353731485778 3.0263753652526917e-09 1
2.146868890094253 9.095023713206285 8.172353731485778 3.0264019424663157e-09 1
0.9437830226150169 6.919889657287727 9.1895377175005 1.4198136629317006 2288
0.8150297510504965 6.707386870921116 9.176719658144386 1.5080198219655483 3619
2.146868890168467 9.095023713416662 8.17235373163449 9.038804747351001 7.068792699744336 2.27703621269913e-12 1
2.146868890168467 9.095023713416662 8.17235373163449 9.038804747351001 7.068792699744336 2.2770362127011806e-12 1
2.1468688901684647 9.095023713416428 8.172353731634477 9.038804747350936 7.06879269974434 5.4509180249853915e-12 1
2.1730004492978643 9.09207428541697 8.167984515242154 9.03240392627732 7.078191119916765 4.569151809513682e-06 100000
