7.756279502159339 1.0207349198037385 856
9.569888460640717 2.9030156181399707 353
9.18935118628764 9.282458523962164 182
9.051286414331592 17.560334267220572 97
9.763349999803403 9.291519971780529 0.99999999999939 817
9.763349999803403 9.291519971780529 0.99999999999939 817
9.419150666703048 9.636279157882662 1.6141412112279288 812
9.578861226294315 9.427903786488063 2.9632741361993253 608
9.763350268614477 9.291519892551564 2.0467414929694003 0.9999999999990511 11604
6.37472364202115 9.404255890212465 2.6850877819189836 1.0025978619755094 5641
9.731607005254007 9.563417504148044 2.630616693131364 1.3082268327663953 3320
9.731681834094998 9.56202725212547 2.627739890329818 1.308434546436938 3365
8.369441242645237 9.702358519403298 4.471537852615114 2.845810090286316 7.712165880097541 3.320556605648632e-27 1
8.369441239388635 9.702358518925278 4.4715378496937985 2.845810087029932 7.712165883771877 8.160186693880944e-08 1
8.250908707219953 9.465385973329859 4.8276434917903375 2.897048592422292 7.852163493727764 0.0004330543868404102 100000
8.251074805133282 9.465521929234583 4.826727922880798 2.896817457341107 7.852058255926211 0.00043100117912516807 100000
