7.779946417816573 1.0114713368928703 769
7.7799433278720915 1.0114720541774274 769
8.62334186466277 8.128816784588185 1252
6.905159683726222 17.270207796153674 136
7.319186146919885 5.670201248419474 5.070486368807224e-07 100000
9.536434493758026 4.046301823293682 1.1551596732832148 6076
8.432743031821007 6.167678046027546 2.697758079434225 608
8.75320822642617 6.4811060436340435 5.016975086578742 722
7.805829017131721 4.97874311559078 1.1891027550802642 1.0000000006117231 1176
7.8058290503427585 4.978743144096567 1.1891030287811695 1.000000065153459 1207
7.380770333475755 6.125928137555823 3.904216423824618 1.1120418588138952 1013
6.7962802518476 4.866959012629172 3.8659014725877423 2.0373400271599484 883
7.32267248068855 5.67189015450883 3.0122389004999772 7.805829254776738 4.978742778746176 5.984559573822634e-13 1
7.322672480776447 5.671890154489432 3.0122389007273997 7.805829254592896 4.978742778413441 5.175006698426215e-09 1
7.3240356555042885 5.671983174883715 3.0108180822062964 7.804938317764399 4.981025802785228 4.2367568850389135e-07 100000
7.067543926631351 6.927139711733335 1.1247686498174654 8.232933853593327 4.676805586306969 1.0000011356745033 2092
