5.26967903070361 1.721390240993043 735
8.035889531920969 2.876988791212437 365
5.198699018681108 11.007072114750684 166
8.16021393499755 19.864892031880164 192
8.06470016597422 5.730985806889673 1.0369972665795668 980
8.216553107946364 5.641195013260275 1.1109942275044862 1430
5.5949517391288 3.382040198476084 2.6604854310778907 941
7.441129796734582 7.789323668168916 6.624363615930138 2114
3.7743904304050493 4.941474497222312 9.28948354673201 1.0000000007477772 51397
5.543137835799329 2.923100305957903 8.16162862613 1.000226539070761 1861
5.551569028087495 3.183738845198435 7.780337459673383 1.6666761353091135 1114
6.85739756625129 2.2452686653707823 6.905740327831707 1.898686577112174 1425
6.722785586307918 4.880783992405837 8.254951740358964 0.31446387626298145 8.080499633648477 2.0574967135201652e-18 1
6.722785586307918 4.880783992405837 8.254951740358964 0.31446387626298145 8.080499633648477 2.0574967449947127e-18 1
6.722785586334449 4.880783993392262 8.254951740567284 0.3144638767561983 8.08049963403734 1.3973410993941576e-08 1
6.720597834713066 4.8797804889502645 8.25155534107581 0.3283870663533875 8.079020478779361 2.138245569786238e-06 100000
