1.5989801376009085 2.6120325685102603 428
1.6454941608183247 4.667494018431705 345
1.7646741534969055 8.623982180381208 220
1.8306030065533991 21.340986190698967 124
1.1326593431157603 2.8167525765932293 1.2288994633016106 14753
1.1326593423945708 2.8167525783558105 1.228899463324464 14753
2.0947963694731677 1.5244203145961874 3.510032000740507 1439
6.391554054091335 4.884845333173438 5.452473789250662 3111
0.10374153886291645 5.0187459214701455 4.957732931328175 2.396371721872611e-10 1
0.10374153886690768 5.018745921470627 4.957732931339445 3.6493720471360427e-10 1
2.6251550952049745 5.752665318450934 3.1471186775530673 1.007841850875578 66789
1.8312694344493001 4.606278365679099 4.95770914508474 1.0560871460813073 1171
0.10374154622333341 5.018745918537578 4.95773292257791 1.3382952878317245 1.421110861741985 1.769184040878232e-07 1
0.10374154622333341 5.018745918537578 4.95773292257791 1.3382952878317245 1.421110861741985 1.7691840408788444e-07 1
1.387690651599524 6.149323840997434 4.919289323584871 1.8315269304850328 1.0931054960146704 1.0000000451663218 956
1.38859067241981 6.1454865549624245 4.919341107606227 1.8275535769860587 1.095884528491384 1.002518540942182 965
